0.000000000000000000e+00 9.228420474991984312e-02 -4.531588129426710188e-01
2.004008016032064188e-01 7.154315409124110958e-02 -4.882933084670416091e-01
4.008016032064128376e-01 8.627378522098622105e-02 -5.729072852976980768e-01
6.012024048096192841e-01 1.056618306049098149e-01 -5.157573896059273189e-01
8.016032064128256751e-01 1.749853177988826836e-01 -5.813108750603414032e-01
1.002004008016032177e+00 1.517988337450911773e-01 -6.199829605333750937e-01
1.202404809619238568e+00 1.211222088302618960e-01 -5.634475103215341729e-01
1.402805611222444959e+00 2.245741157831279977e-01 -5.918566306987430581e-01
1.603206412825651350e+00 1.870572210704852800e-01 -6.691939393765212740e-01
1.803607214428857741e+00 2.002612374405752793e-01 -6.268702549973578231e-01
2.004008016032064354e+00 2.177797179423538732e-01 -6.247498395313325625e-01
2.204408817635270523e+00 2.436147392340277107e-01 -6.175953451247271353e-01
2.404809619238477136e+00 2.629030359016812368e-01 -7.175852140599019435e-01
2.605210420841683305e+00 2.933271870667565895e-01 -6.543211507961064211e-01
2.805611222444889918e+00 3.181798760659678704e-01 -6.974032069709560355e-01
3.006012024048096087e+00 3.923139357475591282e-01 -7.549780335470991366e-01
3.206412825651302700e+00 3.990092674819810670e-01 -7.746592888660588372e-01
3.406813627254509314e+00 3.587821104353874913e-01 -7.164927639301946760e-01
3.607214428857715482e+00 4.389577022065075385e-01 -7.300076451598919158e-01
3.807615230460922096e+00 4.038430106033502609e-01 -7.259429808200793532e-01
4.008016032064128709e+00 4.647377936381030805e-01 -8.000459923999345691e-01
4.208416833667334878e+00 4.825839662764380700e-01 -8.139334159670315039e-01
4.408817635270541047e+00 4.279576093421684768e-01 -8.024269762181249765e-01
4.609218436873747216e+00 5.272824618476738001e-01 -8.437286988607954896e-01
4.809619238476954273e+00 4.753243510373419967e-01 -8.345843819485772030e-01
5.010020040080160442e+00 5.543514157328396363e-01 -8.481583568591417599e-01
5.210420841683366611e+00 5.000480555959916362e-01 -8.517292627368917568e-01
5.410821643286573668e+00 6.018866782149016048e-01 -8.966852440279859948e-01
5.611222444889779837e+00 5.830569062298263106e-01 -8.739210710615150646e-01
5.811623246492986006e+00 6.415137289565490120e-01 -8.219374052453807256e-01
6.012024048096192175e+00 6.255350785793680757e-01 -8.707040377795006725e-01
6.212424849699399232e+00 6.686596604489913886e-01 -8.933716429694047445e-01
6.412825651302605401e+00 6.746690277405642533e-01 -8.938848170406892280e-01
6.613226452905811570e+00 6.316733572686684672e-01 -8.626724055600928365e-01
6.813627254509018627e+00 7.261862384877788568e-01 -8.737387496835156142e-01
7.014028056112224796e+00 7.232275555053724325e-01 -9.048949193660081880e-01
7.214428857715430965e+00 6.750756575584138108e-01 -9.209404109800873872e-01
7.414829659318637134e+00 7.496770091780093903e-01 -8.846879530412826709e-01
7.615230460921844191e+00 7.502366667134634515e-01 -9.496673849992426364e-01
7.815631262525050360e+00 7.617073038263554308e-01 -9.428424194741915620e-01
8.016032064128257417e+00 7.678035993878784549e-01 -9.446708717730801785e-01
8.216432865731462698e+00 7.927880247570987526e-01 -9.780571548853399522e-01
8.416833667334669755e+00 8.338947032465063858e-01 -9.672027776541027855e-01
8.617234468937876812e+00 7.675919024306062655e-01 -9.043010630086562029e-01
8.817635270541082093e+00 8.490975043283197632e-01 -9.132979702809649325e-01
9.018036072144289150e+00 8.362418792483633512e-01 -9.501314179432723828e-01
9.218436873747494431e+00 8.186565179160232297e-01 -9.730767219964847614e-01
9.418837675350701488e+00 8.838427341303202178e-01 -9.534634581136859355e-01
9.619238476953908545e+00 8.291146449870895330e-01 -9.652551696715172547e-01
9.819639278557113826e+00 8.911122118440826245e-01 -9.791786523345155091e-01
1.002004008016032088e+01 8.800088950348587957e-01 -9.007744218012232462e-01
1.022044088176352794e+01 8.846345406971718450e-01 -9.859432030120430790e-01
1.042084168336673322e+01 9.229267238440984622e-01 -9.639505460723793995e-01
1.062124248496994028e+01 9.231942735082805385e-01 -9.001737615867450026e-01
1.082164328657314734e+01 8.831770393160526256e-01 -9.244869218383797715e-01
1.102204408817635262e+01 9.917992905014956229e-01 -9.698410592980389877e-01
1.122244488977955967e+01 9.702832095069970908e-01 -9.399265281519887383e-01
1.142284569138276673e+01 9.257339736829200971e-01 -9.083322630743366766e-01
1.162324649298597201e+01 9.380835608612099197e-01 -9.483052084457506137e-01
1.182364729458917907e+01 9.740547964139091297e-01 -9.260656394555850657e-01
1.202404809619238435e+01 9.623991852057379726e-01 -9.727821603104698234e-01
1.222444889779559141e+01 1.013201000979978117e+00 -9.503002327672458449e-01
1.242484969939879846e+01 1.046512442707782098e+00 -8.730321773900531213e-01
1.262525050100200374e+01 1.000761637462438403e+00 -9.536248351680378654e-01
1.282565130260521080e+01 1.036317236589083812e+00 -8.848694161340281417e-01
1.302605210420841786e+01 1.002189178968910799e+00 -9.142321403497501997e-01
1.322645290581162314e+01 1.056314394046080407e+00 -8.869150359359903035e-01
1.342685370741483020e+01 1.029647675842428667e+00 -9.365074652631181218e-01
1.362725450901803725e+01 1.072886911118862585e+00 -8.632178414385982546e-01
1.382765531062124253e+01 1.081837445043337453e+00 -8.297527201023683352e-01
1.402805611222444959e+01 1.083097645864456116e+00 -8.885142339411640222e-01
1.422845691382765487e+01 1.056920835127830083e+00 -9.005187169290168603e-01
1.442885771543086193e+01 1.022585056077359500e+00 -8.125816250801225493e-01
1.462925851703406899e+01 1.056456330211654970e+00 -8.508755374633489854e-01
1.482965931863727427e+01 1.055367639890286036e+00 -8.547284906539223126e-01
1.503006012024048133e+01 1.072034120021915893e+00 -8.049154307380823603e-01
1.523046092184368838e+01 1.049971713460005951e+00 -8.005776518727197866e-01
1.543086172344689366e+01 1.006049499015585935e+00 -8.402429867771059602e-01
1.563126252505010072e+01 1.080626689519055716e+00 -7.599730596811641314e-01
1.583166332665330778e+01 1.021624660866812029e+00 -7.671481211733001127e-01
1.603206412825651483e+01 1.005140714890008224e+00 -8.188625442613043370e-01
1.623246492985972012e+01 1.002079240473096489e+00 -7.267474503054935919e-01
1.643286573146292540e+01 1.036195592781658847e+00 -7.877026683561482168e-01
1.663326653306613423e+01 1.043844435624721179e+00 -7.567855514137143969e-01
1.683366733466933951e+01 1.005818496160801878e+00 -6.998152193293437628e-01
1.703406813627254479e+01 1.024978615482746269e+00 -6.877993085673566043e-01
1.723446893787575362e+01 1.071873919138166098e+00 -7.314768911160473008e-01
1.743486973947895891e+01 1.062283147263201721e+00 -7.028332215768802183e-01
1.763527054108216419e+01 1.061029472116037597e+00 -6.690347120576053408e-01
1.783567134268537302e+01 1.020628108988925087e+00 -6.576963981490088207e-01
1.803607214428857830e+01 1.018623006155598754e+00 -6.267519068815133876e-01
1.823647294589178358e+01 9.973941933717122010e-01 -6.182014668702714433e-01
1.843687374749498886e+01 9.969605707342118484e-01 -6.377715410984954314e-01
1.863727454909819770e+01 1.008784728122398056e+00 -6.073960445086722393e-01
1.883767535070140298e+01 9.692722866693797013e-01 -6.226819310414226649e-01
1.903807615230460826e+01 1.041184933295157267e+00 -5.219928699503383340e-01
1.923847695390781709e+01 1.012926144041162546e+00 -5.362158235251327509e-01
1.943887775551102237e+01 9.947032800738909719e-01 -5.176741496679867494e-01
1.963927855711422765e+01 9.905790495356543435e-01 -5.173087644056272305e-01
1.983967935871743649e+01 9.308702840510434395e-01 -5.455365376834973024e-01
2.004008016032064177e+01 9.139751773240082366e-01 -4.930471279331348211e-01
2.024048096192384705e+01 9.465877234012795016e-01 -4.164280740277082060e-01
2.044088176352705588e+01 8.948481414336060258e-01 -4.487978802106155074e-01
2.064128256513026116e+01 8.940376623819343838e-01 -4.413288725615889807e-01
2.084168336673346644e+01 9.184772053493263089e-01 -4.626795338538010061e-01
2.104208416833667528e+01 9.295051605130389971e-01 -3.797109672761491694e-01
2.124248496993988056e+01 8.562279446332318189e-01 -3.543605917257947047e-01
2.144288577154308584e+01 8.777683857198879114e-01 -3.611055000660285397e-01
2.164328657314629467e+01 9.001344533283723859e-01 -3.300399841046345872e-01
2.184368737474949995e+01 8.266794092248100911e-01 -3.556692392056887697e-01
2.204408817635270523e+01 8.727821326995799378e-01 -3.142650534088422543e-01
2.224448897795591407e+01 8.240088482491088051e-01 -2.357781946862328726e-01
2.244488977955911935e+01 7.880465773083080716e-01 -2.540674060670149448e-01
2.264529058116232463e+01 8.311287317024711463e-01 -2.106732762105615331e-01
2.284569138276553346e+01 8.454182190017225373e-01 -2.474677783436058653e-01
2.304609218436873874e+01 8.209339678383357208e-01 -2.002669448169067945e-01
2.324649298597194402e+01 7.987891492579017871e-01 -1.693252123548042165e-01
2.344689378757514930e+01 7.351004293295377856e-01 -1.206454566730102845e-01
2.364729458917835814e+01 7.145040458900889790e-01 -1.377577703219032557e-01
2.384769539078156342e+01 7.155036562307059977e-01 -1.375148933287958786e-01
2.404809619238476870e+01 6.904714016191404458e-01 -1.279838504214794170e-01
2.424849699398797753e+01 7.168764074527260721e-01 -8.893194480697830251e-02
2.444889779559118281e+01 7.032866529541415002e-01 -9.957986116785814967e-02
2.464929859719438809e+01 6.901169619454421422e-01 -2.843415422443060225e-02
2.484969939879759693e+01 6.324208786436292806e-01 -3.759250732209811624e-02
2.505010020040080221e+01 6.729246773075142629e-01 3.417055444018274324e-02
2.525050100200400749e+01 6.550730090999352662e-01 -3.554624901747240051e-02
2.545090180360721632e+01 5.967840054003283878e-01 2.373685001293574307e-02
2.565130260521042160e+01 5.533764416789267448e-01 3.978597011809988093e-02
2.585170340681362688e+01 5.517938038411863699e-01 2.888507408565947968e-02
2.605210420841683572e+01 5.363531799495353525e-01 5.158242413048225172e-02
2.625250501002004100e+01 5.485789591813300392e-01 8.021867219168374308e-02
2.645290581162324628e+01 5.689041266360932436e-01 1.062461766633645971e-01
2.665330661322645511e+01 4.758278273153626614e-01 1.841935340992921777e-01
2.685370741482966039e+01 4.988445750334653539e-01 1.280039506439515362e-01
2.705410821643286567e+01 4.947687185321687497e-01 1.765236353622238186e-01
2.725450901803607451e+01 4.764488976537322173e-01 2.186930767011550647e-01
2.745490981963927979e+01 4.120368450157041451e-01 2.257105939813883189e-01
2.765531062124248507e+01 3.938474001671029567e-01 2.715387167785555667e-01
2.785571142284569390e+01 4.107115080576108079e-01 2.352196141245028738e-01
2.805611222444889918e+01 3.363734174799593024e-01 2.382031686230826617e-01
2.825651302605210446e+01 3.775245685815649122e-01 3.276652628236270681e-01
2.845691382765530975e+01 2.925607567570851497e-01 2.894342864507180590e-01
2.865731462925851858e+01 3.477989391581306489e-01 3.875926609110534882e-01
2.885771543086172386e+01 3.413917925373503026e-01 3.609599645273400270e-01
2.905811623246492914e+01 3.193603622776428064e-01 4.022008275802256838e-01
2.925851703406813797e+01 2.994228181619151830e-01 4.260742574759239787e-01
2.945891783567134325e+01 2.557115004105774414e-01 3.823820920194430650e-01
2.965931863727454854e+01 1.765821916037694228e-01 4.642673277860517311e-01
2.985971943887775737e+01 2.410421332963393615e-01 4.482408697724247215e-01
3.006012024048096265e+01 1.775642840184861737e-01 4.663892094197547578e-01
3.026052104208416793e+01 1.539385404479775010e-01 4.632973062649041740e-01
3.046092184368737676e+01 1.720172809856941043e-01 5.030173658396954739e-01
3.066132264529058205e+01 8.946993302521101532e-02 5.402838197183897906e-01
3.086172344689378733e+01 1.382945846672907764e-01 5.572726164417513006e-01
3.106212424849699616e+01 1.201304571238784313e-01 5.482909393176611523e-01
3.126252505010020144e+01 4.562085768530252383e-02 5.489273120353409530e-01
3.146292585170340672e+01 1.279961622626696327e-02 6.190595200390741626e-01
3.166332665330661555e+01 1.366452207664098015e-02 5.905651952174876262e-01
3.186372745490982084e+01 1.609943692613528127e-02 6.027894685905085259e-01
3.206412825651302967e+01 -4.199171150238942968e-02 6.290079697420584148e-01
3.226452905811623140e+01 -5.716979437208028619e-02 6.895091955281154039e-01
3.246492985971944023e+01 -3.934773494514248737e-02 6.730813024519723964e-01
3.266533066132264906e+01 -3.470914339323016851e-02 6.842099796599265815e-01
3.286573146292585079e+01 -1.147505994834614740e-01 6.970598563367388367e-01
3.306613226452905963e+01 -1.199632251060673976e-01 7.396103673097054187e-01
3.326653306613226846e+01 -1.798014021770514281e-01 7.097074872495519049e-01
3.346693386773547019e+01 -1.302590670323559852e-01 7.459583068414521456e-01
3.366733466933867902e+01 -1.414397925303678694e-01 8.039662278710203447e-01
3.386773547094188785e+01 -1.480504790439099438e-01 8.306638106117089082e-01
3.406813627254508958e+01 -1.636647624573636106e-01 7.838976228711960204e-01
3.426853707414829842e+01 -2.553263584536179520e-01 7.885916864961045603e-01
3.446893787575150725e+01 -2.346033920861111677e-01 8.354519437614523758e-01
3.466933867735470898e+01 -2.875928970941196150e-01 8.503237109489376611e-01
3.486973947895791781e+01 -2.755992530175676580e-01 8.363308853106857788e-01
3.507014028056112664e+01 -2.756574233354290859e-01 8.604312644408452782e-01
3.527054108216432837e+01 -3.489930352906666089e-01 9.175562163000050564e-01
3.547094188376753721e+01 -3.487828071137114572e-01 9.045375198560405838e-01
3.567134268537074604e+01 -3.268865179503931406e-01 9.399291117773667104e-01
3.587174348697394777e+01 -3.685770937840965322e-01 9.009036754677349768e-01
3.607214428857715660e+01 -4.095175038583747096e-01 8.668350435605646220e-01
3.627254509018035833e+01 -4.005006309202557291e-01 9.640405622409204955e-01
3.647294589178356716e+01 -4.047237847157700852e-01 9.795714542348474829e-01
3.667334669338677600e+01 -4.442805750167703738e-01 9.223523605806348558e-01
3.687374749498997772e+01 -5.056094261385013500e-01 9.110267908575914175e-01
3.707414829659318656e+01 -5.024976297855039409e-01 9.102920489937964543e-01
3.727454909819639539e+01 -5.101603006639821025e-01 9.817228378300476566e-01
3.747494989979959712e+01 -5.062996984088253827e-01 9.781405444859672116e-01
3.767535070140280595e+01 -5.796492380260422905e-01 9.539239362284758217e-01
3.787575150300601479e+01 -5.875195610686312353e-01 9.497408314677346919e-01
3.807615230460921651e+01 -5.271941466931404641e-01 1.025285578254771846e+00
3.827655310621242535e+01 -5.758097603484428895e-01 1.016867972999011771e+00
3.847695390781563418e+01 -6.091630216003215414e-01 1.036297322122100573e+00
3.867735470941883591e+01 -5.946682230344295661e-01 1.002383266057006672e+00
3.887775551102204474e+01 -6.022317782610331349e-01 9.986284799358969844e-01
3.907815631262525358e+01 -6.804828461570628928e-01 1.067374842436289883e+00
3.927855711422845530e+01 -6.792465418743969252e-01 1.040472645499925575e+00
3.947895791583166414e+01 -6.897225482253284135e-01 9.962296453004493291e-01
3.967935871743487297e+01 -6.626769392325585484e-01 1.061656888300369861e+00
3.987975951903807470e+01 -6.772072143634609853e-01 1.049704891000029949e+00
4.008016032064128353e+01 -7.050263484287984106e-01 1.031562089144139271e+00
4.028056112224449237e+01 -7.592559996629621999e-01 1.024376149138189085e+00
4.048096192384769410e+01 -7.145099648449488861e-01 1.088743981218017520e+00
4.068136272545090293e+01 -7.179707066528566717e-01 1.073696084670424433e+00
4.088176352705411176e+01 -7.671445488574089033e-01 1.061665176786465770e+00
4.108216432865731349e+01 -7.644573283351853155e-01 1.022431667439087644e+00
4.128256513026052232e+01 -7.343278963647853486e-01 1.045868870178864318e+00
4.148296593186373116e+01 -7.849824750855370903e-01 1.063603803736649533e+00
4.168336673346693289e+01 -8.408492958897673120e-01 1.052973106276946513e+00
4.188376753507014172e+01 -8.338584072467876140e-01 1.033634210842575341e+00
4.208416833667335055e+01 -7.991497371297546781e-01 1.068124379500872134e+00
4.228456913827655228e+01 -8.773450926980813636e-01 1.038247689474665059e+00
4.248496993987976111e+01 -8.851559454087243317e-01 1.069326395666696961e+00
4.268537074148296995e+01 -8.966010589448927259e-01 1.039271062573368543e+00
4.288577154308617168e+01 -8.460237368874242714e-01 1.029306638182778011e+00
4.308617234468938051e+01 -9.135828560915540963e-01 1.022466120190266725e+00
4.328657314629258934e+01 -8.484797332749238752e-01 9.829476750298267174e-01
4.348697394789579107e+01 -8.948110246578937499e-01 1.057487742064090908e+00
4.368737474949899990e+01 -8.422471415004335604e-01 1.055558549037658445e+00
4.388777555110220874e+01 -9.147530843459892314e-01 9.753050620548900929e-01
4.408817635270541047e+01 -8.754133406953158447e-01 1.007769856168047928e+00
4.428857715430861930e+01 -8.890609878602637739e-01 9.729938428876788725e-01
4.448897795591182813e+01 -8.986074128331206223e-01 1.031305201674772798e+00
4.468937875751502986e+01 -9.142109919915517580e-01 9.555965434477545761e-01
4.488977955911823869e+01 -9.108600201499844617e-01 1.032163717838769257e+00
4.509018036072144753e+01 -8.866458981398330774e-01 9.775652913077921280e-01
4.529058116232464926e+01 -9.738882927106963239e-01 9.476035333621735113e-01
4.549098196392785809e+01 -9.602229628295739783e-01 9.763187349875019905e-01
4.569138276553106692e+01 -9.282890850879259581e-01 9.146555378569973804e-01
4.589178356713426865e+01 -9.850074783124986855e-01 9.113435296260350427e-01
4.609218436873747748e+01 -8.987547470282897244e-01 9.663545348730882001e-01
4.629258517034067921e+01 -9.289167170004045682e-01 9.089171760894407814e-01
4.649298597194388805e+01 -9.845823119137301349e-01 9.602263313521602894e-01
4.669338677354709688e+01 -9.758029912113247439e-01 8.747458914179981893e-01
4.689378757515029861e+01 -9.523609437547402301e-01 8.914512250134851712e-01
4.709418837675350744e+01 -9.834113078620897452e-01 9.361360172231123489e-01
4.729458917835671627e+01 -9.887997864507089840e-01 8.571730938286464818e-01
4.749498997995991800e+01 -9.346883034061900242e-01 8.486497770630341275e-01
4.769539078156312684e+01 -9.409656986346297547e-01 8.461346858400307092e-01
4.789579158316633567e+01 -9.466652684614569324e-01 8.500478908705173531e-01
4.809619238476953740e+01 -9.210265213783020988e-01 8.442592735645282342e-01
4.829659318637274623e+01 -9.861582655460839897e-01 8.100366540573238350e-01
4.849699398797595506e+01 -9.597720577779367268e-01 8.280598767615947597e-01
4.869739478957915679e+01 -8.931022723256695217e-01 7.623830826586053266e-01
4.889779559118236563e+01 -9.312021914582456761e-01 8.111330448327570553e-01
4.909819639278557446e+01 -9.231541969707828255e-01 7.958267442395825508e-01
4.929859719438877619e+01 -8.854802117200782918e-01 7.520396674324543174e-01
4.949899799599198502e+01 -9.442774916996147239e-01 7.832743806059919711e-01
4.969939879759519386e+01 -9.604954919695732896e-01 6.981699497967771562e-01
4.989979959919839558e+01 -9.230623461237403848e-01 7.561376137669679753e-01
5.010020040080160442e+01 -9.457576715872187956e-01 7.291285278353647481e-01
5.030060120240481325e+01 -9.006684421412729513e-01 6.672256494448582931e-01
5.050100200400801498e+01 -8.612468380682973823e-01 6.695844553632472884e-01
5.070140280561122381e+01 -8.944209789648616127e-01 6.771832710223796292e-01
5.090180360721443265e+01 -9.209540929151487365e-01 6.404740942010420657e-01
5.110220440881763437e+01 -8.474436201722428397e-01 5.790337033518166976e-01
5.130260521042084321e+01 -8.267344480714562405e-01 6.056578261555950471e-01
5.150300601202405204e+01 -9.012325725221179695e-01 6.124464820038605373e-01
5.170340681362725377e+01 -8.689156898422276676e-01 5.733990387147557266e-01
5.190380761523046260e+01 -8.439172801167112992e-01 5.604163337651986154e-01
5.210420841683367144e+01 -8.055962442626606324e-01 5.691444348387093566e-01
5.230460921843687316e+01 -7.852287928762667901e-01 4.974218068339235632e-01
5.250501002004008200e+01 -7.970552902916405724e-01 5.300808149465212615e-01
5.270541082164329083e+01 -8.299824906196232588e-01 5.181647762591616857e-01
5.290581162324649256e+01 -7.419825468248053557e-01 4.625843355779827859e-01
5.310621242484970139e+01 -8.230208685503457300e-01 4.059953053248129273e-01
5.330661322645291023e+01 -8.000097749204502229e-01 4.629054934424327028e-01
5.350701402805611195e+01 -7.647450121985777116e-01 4.240202533419539233e-01
5.370741482965932079e+01 -7.151813719628085098e-01 3.714522361357212588e-01
5.390781563126252962e+01 -7.546302380781735319e-01 3.602882852658977342e-01
5.410821643286573135e+01 -6.976882525748520081e-01 3.633508842435175246e-01
5.430861723446894018e+01 -6.743393868630168653e-01 2.778726142664847965e-01
5.450901803607214902e+01 -6.825046801096267268e-01 2.847852080697790278e-01
5.470941883767535074e+01 -7.121554222847404914e-01 2.555967344018522103e-01
5.490981963927855958e+01 -6.713727146829066017e-01 2.869274668664685279e-01
5.511022044088176841e+01 -6.130640441381106642e-01 2.505566813923748581e-01
5.531062124248497014e+01 -6.382308832038462443e-01 1.874457685860039247e-01
5.551102204408817897e+01 -6.665893463036349775e-01 1.623648435474848439e-01
5.571142284569138781e+01 -6.522111420651883762e-01 1.429814716654924656e-01
5.591182364729458953e+01 -5.736607937485855846e-01 1.260453338574196447e-01
5.611222444889779837e+01 -6.059358083573873621e-01 1.098233305278302624e-01
5.631262525050100720e+01 -5.394316636476796933e-01 9.366626574592450127e-02
5.651302605210420893e+01 -4.986246030486674030e-01 1.086704230055249715e-01
5.671342685370741776e+01 -4.972387955332928655e-01 1.295553280516731354e-01
5.691382765531061949e+01 -4.648863163446319557e-01 6.305608182380820215e-02
5.711422845691382832e+01 -4.492768032637767250e-01 8.207767635608187451e-02
5.731462925851703716e+01 -4.701353274994362619e-01 6.980771198899109187e-02
5.751503006012023889e+01 -4.161401452227266873e-01 3.517048897076269914e-02
5.771543086172344772e+01 -4.578178995628965353e-01 -2.848122669757424674e-04
5.791583166332665655e+01 -4.311479070102322564e-01 -3.898226419796782527e-02
5.811623246492985828e+01 -3.984266223362639692e-01 -9.362754832382194636e-02
5.831663326653306711e+01 -4.357008808219023366e-01 -4.953231441315232575e-02
5.851703406813627595e+01 -3.721709679121162351e-01 -1.317917201018303508e-01
5.871743486973947768e+01 -3.965857248701091242e-01 -8.592687279749466889e-02
5.891783567134268651e+01 -3.411724095241284727e-01 -1.363865747705404197e-01
5.911823647294589534e+01 -3.145963080761429720e-01 -1.119895512337792109e-01
5.931863727454909707e+01 -2.971427314996352154e-01 -1.463674860023201074e-01
5.951903807615230590e+01 -3.017353123128300174e-01 -2.098233035417315373e-01
5.971943887775551474e+01 -2.486863679492685442e-01 -2.106565193230674204e-01
5.991983967935871647e+01 -2.778894081911172376e-01 -2.374573922089471822e-01
6.012024048096192530e+01 -1.778946446363909306e-01 -2.664446559227439670e-01
6.032064128256513413e+01 -2.362986398504438590e-01 -2.234423490909064336e-01
6.052104208416833586e+01 -1.906611819766574345e-01 -3.018335855602378714e-01
6.072144288577154470e+01 -1.172028589441879709e-01 -3.100814690664653317e-01
6.092184368737475353e+01 -1.245793548808480228e-01 -3.460209001833142173e-01
6.112224448897795526e+01 -7.328724468327853236e-02 -3.603925244951767248e-01
6.132264529058116409e+01 -9.593445671533223917e-02 -3.519996620485779659e-01
6.152304609218437292e+01 -7.868688376049554067e-02 -3.917546271052846918e-01
6.172344689378757465e+01 -7.703597577313726907e-02 -3.844153204147249259e-01
6.192384769539078349e+01 -1.818709057239693838e-02 -3.871642415141233196e-01
6.212424849699399232e+01 -3.533292357674564649e-02 -4.607840525500588869e-01
6.232464929859719405e+01 1.378500189514475505e-02 -4.579247522212930299e-01
6.252505010020040288e+01 -1.438644533256592042e-02 -4.869750018821174531e-01
6.272545090180361171e+01 4.212803008286319234e-02 -5.348031935539256931e-01
6.292585170340681344e+01 8.467912697227576724e-02 -5.097853976726096636e-01
6.312625250501002228e+01 1.262544477452867409e-01 -5.141826644385014689e-01
6.332665330661323111e+01 1.491120800049259010e-01 -5.196602066354685245e-01
6.352705410821643284e+01 1.109444219749078919e-01 -5.755313176690610710e-01
6.372745490981964167e+01 1.146834911216938618e-01 -5.182570952900499295e-01
6.392785571142285050e+01 1.539937106325406369e-01 -5.726904633919368548e-01
6.412825651302605934e+01 2.012824269483718398e-01 -6.410737251030450556e-01
6.432865731462925396e+01 1.744483732859573311e-01 -5.717756820181356670e-01
6.452905811623246279e+01 1.908695735582605912e-01 -5.826728624898097619e-01
6.472945891783567163e+01 2.617091960641729775e-01 -6.027777076870478590e-01
6.492985971943888046e+01 2.848081669742187350e-01 -6.476049380795410038e-01
6.513026052104208929e+01 2.856113887993391165e-01 -6.773083768828629392e-01
6.533066132264529813e+01 3.438121058852355860e-01 -6.762304141765115295e-01
6.553106212424849275e+01 3.017068178964025793e-01 -6.948773057061886638e-01
6.573146292585170158e+01 3.498652457273176974e-01 -7.361109575580133679e-01
6.593186372745491042e+01 3.668596019747113468e-01 -7.242461163908251454e-01
6.613226452905811925e+01 3.940488263510835143e-01 -7.623809954113115461e-01
6.633266533066132808e+01 3.988354384726750523e-01 -7.830958038183841730e-01
6.653306613226453692e+01 4.460953887660425998e-01 -7.309571506831658017e-01
6.673346693386773154e+01 4.539138344362356747e-01 -7.549658753813273115e-01
6.693386773547094037e+01 4.265420835501423924e-01 -7.336028706412912603e-01
6.713426853707414921e+01 4.219046956085710787e-01 -7.592737163419968072e-01
6.733466933867735804e+01 4.669823664639937144e-01 -8.274447224748220364e-01
6.753507014028056687e+01 4.833462248173637232e-01 -7.674383529226025402e-01
6.773547094188377571e+01 4.977226310864649172e-01 -8.083653960717904763e-01
6.793587174348697033e+01 5.599793771790966268e-01 -8.144593385994258750e-01
6.813627254509017916e+01 5.426033648127870368e-01 -8.455072353420560738e-01
6.833667334669338800e+01 5.316608919977229286e-01 -8.369799844602002770e-01
6.853707414829659683e+01 5.863564868454510526e-01 -8.998935741048978976e-01
6.873747494989980567e+01 6.298653958963277288e-01 -8.523371621906405959e-01
6.893787575150301450e+01 6.113663154891950668e-01 -8.785300300383981353e-01
6.913827655310620912e+01 5.903254783985508736e-01 -8.487330944026848512e-01
6.933867735470941795e+01 6.642540006863941748e-01 -8.913542582638237510e-01
6.953907815631262679e+01 6.684159220640668586e-01 -8.599680309583169757e-01
6.973947895791583562e+01 6.399904069467509116e-01 -8.829183988136439787e-01
6.993987975951904446e+01 6.527458661315149735e-01 -9.182831265259074893e-01
7.014028056112225329e+01 6.867361403755045668e-01 -8.723898684833588657e-01
7.034068136272544791e+01 6.990081278141957455e-01 -9.563559070314573418e-01
7.054108216432865675e+01 7.898310896464127984e-01 -9.546589891084946711e-01
7.074148296593186558e+01 8.009670827444801411e-01 -9.131272127993388388e-01
7.094188376753507441e+01 8.093618856330814237e-01 -9.606691151889759084e-01
7.114228456913828325e+01 7.959813542072745607e-01 -9.520725318160749850e-01
7.134268537074149208e+01 7.584144261302769863e-01 -9.789283475754002595e-01
7.154308617234468670e+01 8.000945169151201242e-01 -9.724075465480251923e-01
7.174348697394789554e+01 8.338872109404579236e-01 -9.561614591669376217e-01
7.194388777555110437e+01 8.244893163317883467e-01 -9.272944197096297803e-01
7.214428857715431320e+01 8.891894369432812306e-01 -9.157209654078248828e-01
7.234468937875752204e+01 8.204997762725484423e-01 -9.413289330981393643e-01
7.254509018036071666e+01 9.229907595630583161e-01 -9.121763676674162769e-01
7.274549098196392549e+01 8.684192009410990343e-01 -9.347789630322719256e-01
7.294589178356713433e+01 8.671666744365217339e-01 -9.004630337850682009e-01
7.314629258517034316e+01 9.142089373636552718e-01 -9.763495066753418161e-01
7.334669338677355199e+01 9.529006020846001457e-01 -9.235648371426148362e-01
7.354709418837676083e+01 9.585482665793501056e-01 -9.040578629432605151e-01
7.374749498997995545e+01 8.885635569415432089e-01 -9.094992229692389074e-01
7.394789579158316428e+01 8.980838026737508750e-01 -9.053032626085860679e-01
7.414829659318637312e+01 9.224830582745444651e-01 -9.078510433316255845e-01
7.434869739478958195e+01 9.678306374202458873e-01 -9.373298485569583338e-01
7.454909819639279078e+01 9.257210530782350455e-01 -9.189558856238070339e-01
7.474949899799599962e+01 9.534421834475101942e-01 -8.924057176930402235e-01
7.494989979959919424e+01 9.677749604364168645e-01 -9.472187516591917822e-01
7.515030060120240307e+01 9.440524065253026453e-01 -9.504667929061589859e-01
7.535070140280561191e+01 1.042990716694907505e+00 -8.964740220301239404e-01
7.555110220440882074e+01 9.761258164051048736e-01 -8.638972844637206050e-01
7.575150300601202957e+01 9.943425138941158758e-01 -9.393325283607307785e-01
7.595190380761523841e+01 1.038300020672861201e+00 -8.779511913340951601e-01
7.615230460921843303e+01 9.826416684359525755e-01 -9.363036256149991354e-01
7.635270541082164186e+01 1.036166318291871224e+00 -8.600235514207985599e-01
7.655310621242485070e+01 1.041492806430392770e+00 -8.672566102577422553e-01
7.675350701402805953e+01 1.028325223094897156e+00 -8.557364219050451748e-01
7.695390781563126836e+01 1.009587006404936815e+00 -8.298616394392445139e-01
7.715430861723447720e+01 1.053103125960927144e+00 -8.494790054232785881e-01
7.735470941883767182e+01 1.086378442988119586e+00 -8.782425208799991001e-01
7.755511022044088065e+01 1.050563936796770070e+00 -8.765922794688281172e-01
7.775551102204408949e+01 1.080271524717560272e+00 -7.840769266071710986e-01
7.795591182364729832e+01 1.018242408147693956e+00 -7.921090300272554119e-01
7.815631262525050715e+01 1.007243642980752529e+00 -7.630468815554402040e-01
7.835671342685371599e+01 1.083303899947563709e+00 -7.978577325851964330e-01
7.855711422845691061e+01 1.041029797432551751e+00 -8.074420622456417451e-01
7.875751503006011944e+01 1.088249050512677174e+00 -7.454646816417210831e-01
7.895791583166332828e+01 1.037192251982315794e+00 -8.005770814378849742e-01
7.915831663326653711e+01 1.084466312512841091e+00 -7.375910363979738538e-01
7.935871743486974594e+01 1.078718959513429887e+00 -7.269429408784737756e-01
7.955911823647295478e+01 1.032168952004732798e+00 -7.500749580442476194e-01
7.975951903807614940e+01 1.016629342649657985e+00 -6.791856752276532738e-01
7.995991983967935823e+01 9.914195649738923866e-01 -7.101486560511105495e-01
8.016032064128256707e+01 1.062094472354818242e+00 -7.326662270935638821e-01
8.036072144288577590e+01 1.045438909089449364e+00 -7.160831969480717651e-01
8.056112224448898473e+01 1.030582558098673385e+00 -6.302212310745534118e-01
8.076152304609219357e+01 1.025443119693306038e+00 -6.559624202963822981e-01
8.096192384769538819e+01 1.011877351584383078e+00 -6.424572532723041851e-01
8.116232464929859702e+01 1.000015022137068943e+00 -6.400875861399509814e-01
8.136272545090180586e+01 9.641413112263554908e-01 -5.864719675901961526e-01
8.156312625250501469e+01 1.007065653762130530e+00 -5.835903804176485465e-01
8.176352705410822352e+01 9.795803072920807875e-01 -5.517794389020013179e-01
8.196392785571143236e+01 1.002911481598234955e+00 -5.466169176193470536e-01
8.216432865731462698e+01 9.964701281512094999e-01 -5.010454749164392485e-01
8.236472945891783581e+01 9.338740112052303921e-01 -5.739736889462686564e-01
8.256513026052104465e+01 9.343967918973462572e-01 -5.223142892954629746e-01
8.276553106212425348e+01 9.480969482047688635e-01 -5.175831692449579524e-01
8.296593186372746231e+01 1.001500443647399097e+00 -4.272443641263441449e-01
8.316633266533065694e+01 9.308863238273381580e-01 -4.343414608618217931e-01
8.336673346693386577e+01 9.317479809287920745e-01 -4.306766416915244200e-01
8.356713426853707460e+01 9.621197817663839080e-01 -4.453587617751973982e-01
8.376753507014028344e+01 9.533333263228396248e-01 -3.714326948139211604e-01
8.396793587174349227e+01 9.079469228363897804e-01 -4.016372998587527943e-01
8.416833667334670110e+01 8.907453350761038724e-01 -3.877482874783294009e-01
8.436873747494989573e+01 8.936109352364115521e-01 -3.628836717103140486e-01
8.456913827655310456e+01 9.099218407818689958e-01 -3.789132264561519969e-01
8.476953907815631339e+01 9.050807382923805600e-01 -2.888992717641993835e-01
8.496993987975952223e+01 8.029987964443691117e-01 -2.864658371835223094e-01
8.517034068136273106e+01 8.041861351210831677e-01 -2.276902523157806890e-01
8.537074148296593989e+01 8.740057575417126134e-01 -2.844907436444173987e-01
8.557114228456913452e+01 8.543861549921683007e-01 -2.663711819554537286e-01
8.577154308617234335e+01 8.172743862904126022e-01 -2.586108308834241809e-01
8.597194388777555218e+01 7.786320597927146592e-01 -1.659349747982871714e-01
8.617234468937876102e+01 7.507828562394691652e-01 -1.840287304436736826e-01
8.637274549098196985e+01 7.722500907405646098e-01 -1.893417391684103779e-01
8.657314629258517868e+01 7.503247858388835123e-01 -1.690250852513915381e-01
8.677354709418837331e+01 7.661214076945707108e-01 -1.643953782055896373e-01
8.697394789579158214e+01 7.420750420741846209e-01 -1.250015792356439503e-01
8.717434869739479097e+01 6.640924899257319991e-01 -9.254116062259831743e-02
8.737474949899799981e+01 6.779741554448261986e-01 -5.810756713324002898e-02
8.757515030060120864e+01 6.972451991488121115e-01 -6.237844641663216338e-02
8.777555110220441748e+01 6.965810455233354404e-01 -5.481827150926252279e-03
8.797595190380761210e+01 6.756343120438090821e-01 2.499055360072770932e-02
8.817635270541082093e+01 6.179475063223489606e-01 -1.923585158823935826e-02
8.837675350701402976e+01 5.892475307218049130e-01 -7.836041210196494078e-03
8.857715430861723860e+01 6.015204861724953167e-01 3.930659009189162167e-02
8.877755511022044743e+01 5.852687552705175822e-01 6.783698385799874497e-02
8.897795591182365627e+01 5.946953454228831593e-01 8.273166668824913361e-02
8.917835671342685089e+01 5.302396141852222522e-01 7.290957844316356407e-02
8.937875751503005972e+01 4.942710953346137748e-01 1.718835792323919753e-01
8.957915831663326856e+01 4.610924014794066106e-01 1.727562803441268224e-01
8.977955911823647739e+01 4.445927893438739176e-01 1.503476583958095192e-01
8.997995991983968622e+01 4.650299673271270362e-01 1.834738560522763962e-01
9.018036072144289506e+01 4.309759813960994390e-01 2.594037623455019981e-01
9.038076152304608968e+01 4.390198089895603339e-01 2.187766794252287705e-01
9.058116232464929851e+01 3.910149105311591100e-01 2.349078360672746668e-01
9.078156312625250735e+01 3.414333375235998336e-01 3.090649683991170127e-01
9.098196392785571618e+01 3.988279337919014567e-01 2.859614447764237122e-01
9.118236472945892501e+01 3.301610144915012590e-01 3.136528398005314355e-01
9.138276553106213385e+01 3.789042832375871250e-01 3.132769080683053819e-01
9.158316633266532847e+01 2.965206710507902743e-01 3.606090395595700770e-01
9.178356713426853730e+01 2.908704939180345450e-01 3.754878516626216078e-01
9.198396793587174614e+01 3.221367756817585803e-01 4.252061754167004159e-01
9.218436873747495497e+01 2.881592367557744838e-01 3.807433288893374290e-01
9.238476953907816380e+01 1.904462900921998214e-01 4.625770384972558436e-01
9.258517034068135843e+01 1.882227197322984824e-01 4.166097025983087065e-01
9.278557114228456726e+01 1.495355722354327066e-01 4.918086743382631409e-01
9.298597194388777609e+01 1.260515598028774664e-01 4.980964107139674857e-01
9.318637274549098493e+01 1.152486585904177602e-01 4.737773178851254485e-01
9.338677354709419376e+01 1.802446822808241311e-01 5.428849680377628717e-01
9.358717434869740259e+01 1.422775007373833223e-01 5.753617924617764334e-01
9.378757515030059722e+01 1.079300214946150027e-01 5.514574397523217542e-01
9.398797595190380605e+01 1.226636194975469774e-01 5.811323450332634977e-01
9.418837675350701488e+01 8.631476606753081537e-02 5.844121633681441663e-01
9.438877755511022372e+01 4.926426333749484715e-02 5.601778529410642582e-01
9.458917835671343255e+01 4.196823368264158971e-02 5.745578447000377897e-01
9.478957915831664138e+01 -3.562522142999156871e-02 6.763943425750857941e-01
9.498997995991983601e+01 -5.259060082190097907e-03 6.647193385214464900e-01
9.519038076152304484e+01 -3.563186477900186222e-02 6.248922232344932270e-01
9.539078156312625367e+01 -9.625058314885687194e-02 7.215724387218340752e-01
9.559118236472946251e+01 -8.739546918837805267e-02 6.956745189817371555e-01
9.579158316633267134e+01 -7.141692547905446886e-02 6.757301566825598682e-01
9.599198396793588017e+01 -1.107187281953074531e-01 7.293077007752813978e-01
9.619238476953907480e+01 -1.174774060100817197e-01 7.167554278486546471e-01
9.639278557114228363e+01 -1.649644428110987049e-01 7.938413385686919899e-01
9.659318637274549246e+01 -2.223896420150052455e-01 7.344728406773495255e-01
9.679358717434870130e+01 -2.505174937895419673e-01 8.341385403212102645e-01
9.699398797595191013e+01 -2.530362862422868564e-01 8.167035202487740175e-01
9.719438877755511896e+01 -2.425178695984016308e-01 8.262953130907149113e-01
9.739478957915831359e+01 -2.883091242999833437e-01 8.643488420936404903e-01
9.759519038076152242e+01 -2.306360731620596960e-01 8.237547160404268265e-01
9.779559118236473125e+01 -2.558303060500307646e-01 8.723925311010959360e-01
9.799599198396794009e+01 -3.323987907896964744e-01 8.567141615112627839e-01
9.819639278557114892e+01 -3.560623380620138723e-01 9.002188878245782622e-01
9.839679358717435775e+01 -3.341384625958936372e-01 8.400523576940970294e-01
9.859719438877755238e+01 -4.208213384475348873e-01 8.920351819849224873e-01
9.879759519038076121e+01 -3.629375267461811827e-01 9.279584628784616207e-01
9.899799599198397004e+01 -4.093860286876335186e-01 9.063366940892997325e-01
9.919839679358717888e+01 -4.270483745717690849e-01 9.246850180439916134e-01
9.939879759519038771e+01 -4.249861117171030989e-01 9.586875380452335449e-01
9.959919839679359654e+01 -4.585806134624802466e-01 9.833546332669078627e-01
9.979959919839679117e+01 -4.603227184739455691e-01 9.777330226959762838e-01
1.000000000000000000e+02 -4.710531281016411276e-01 9.375551038900725720e-01
