0.000000000000000000e+00 8.715875042328789790e-02
1.000000000000000056e-01 2.498734262229287267e-02
2.000000000000000111e-01 2.324812122848667409e-02
3.000000000000000444e-01 3.546513074705502644e-02
4.000000000000000222e-01 7.341875489553706044e-03
5.000000000000000000e-01 6.345465352962897931e-02
6.000000000000000888e-01 1.855150512616162567e-02
7.000000000000000666e-01 9.073865762841221150e-02
8.000000000000000444e-01 6.508016681644425427e-02
9.000000000000000222e-01 2.700228325040692282e-02
1.000000000000000000e+00 7.749148270202461941e-02
1.100000000000000089e+00 6.534379524053587907e-02
1.200000000000000178e+00 3.685805989695212399e-03
1.300000000000000044e+00 7.244233569112887294e-02
1.400000000000000133e+00 2.299323553147688409e-02
1.500000000000000000e+00 4.478098662075308267e-02
1.600000000000000089e+00 8.666294896422170602e-02
1.700000000000000178e+00 3.796693862174609080e-02
1.800000000000000044e+00 9.156459403203101588e-02
1.900000000000000133e+00 5.482582254906341601e-02
2.000000000000000000e+00 5.584128583963429010e-02
2.100000000000000089e+00 2.103169520775282145e-02
2.200000000000000178e+00 8.888143315748128770e-02
2.300000000000000266e+00 4.932725051900866201e-03
2.400000000000000355e+00 7.411147167098100508e-02
2.500000000000000000e+00 9.309948941690205163e-03
2.600000000000000089e+00 3.554093215211685808e-02
2.700000000000000178e+00 2.158892067819552160e-02
2.800000000000000266e+00 5.801600391814529939e-02
2.900000000000000355e+00 7.101656861461855264e-02
3.000000000000000000e+00 8.223328366341260687e-02
3.100000000000000089e+00 9.252209021455867766e-02
3.200000000000000178e+00 3.735504082904996664e-02
3.300000000000000266e+00 3.493930962801651552e-02
3.400000000000000355e+00 9.835187870469286331e-02
3.500000000000000000e+00 1.939111875212451484e-04
3.600000000000000089e+00 4.948219482389100421e-02
3.700000000000000178e+00 8.554371484334480358e-02
3.800000000000000266e+00 5.570731387493160769e-02
3.900000000000000355e+00 9.994254670009020125e-02
4.000000000000000000e+00 6.601161382598129401e-02
4.100000000000000533e+00 1.551925705666622538e-02
4.200000000000000178e+00 6.228421088724245269e-02
4.299999999999999822e+00 8.387800359980682186e-02
4.400000000000000355e+00 3.624980020322652458e-02
4.500000000000000000e+00 2.974467305635457651e-02
4.600000000000000533e+00 7.948357342503421102e-03
4.700000000000000178e+00 2.552520054096402147e-02
4.800000000000000711e+00 4.135618191032356533e-02
4.900000000000000355e+00 1.795870446299565465e-02
5.000000000000000000e+00 7.242360100264019773e-02
5.100000000000000533e+00 6.293405353300574046e-02
5.200000000000000178e+00 6.194714151871894437e-04
5.300000000000000711e+00 4.638071534258385309e-02
5.400000000000000355e+00 2.807770970326791543e-02
5.500000000000000000e+00 3.008089176056510938e-02
5.600000000000000533e+00 6.061865278724393180e-02
5.700000000000000178e+00 7.665957510560281185e-02
5.800000000000000711e+00 4.104489760277759552e-02
5.900000000000000355e+00 1.966867239764383962e-02
6.000000000000000000e+00 6.080371343099685161e-02
6.100000000000000533e+00 6.943733167188351207e-02
6.200000000000000178e+00 4.959901068874322805e-02
6.300000000000000711e+00 7.692151128549229444e-02
6.400000000000000355e+00 9.198019703221801957e-02
6.500000000000000000e+00 1.289358295564857525e-03
6.600000000000000533e+00 2.926244396077767179e-02
6.700000000000000178e+00 3.284867750527744462e-02
6.800000000000000711e+00 3.541074264930613863e-02
6.900000000000000355e+00 7.341329003860269653e-02
7.000000000000000000e+00 6.305238829138722079e-02
7.100000000000000533e+00 8.304886475245513988e-02
7.200000000000000178e+00 8.341100429943001937e-02
7.300000000000000711e+00 1.008002002576613432e-02
7.400000000000000355e+00 6.920903406729096707e-02
7.500000000000000000e+00 2.919914730454099480e-02
7.600000000000000533e+00 5.550687909457856228e-02
7.700000000000000178e+00 2.832607441044401181e-02
7.800000000000000711e+00 6.706103676322769380e-02
7.900000000000000355e+00 1.795064059518541866e-02
8.000000000000000000e+00 9.086594343951986952e-02
8.099999999999999645e+00 7.572683858121706524e-02
8.200000000000001066e+00 1.073908335681311721e-02
8.300000000000000711e+00 7.009866719329027780e-03
8.400000000000000355e+00 8.287096598024207283e-02
8.500000000000000000e+00 8.109011702888178907e-02
8.599999999999999645e+00 6.681326976046723931e-02
8.700000000000001066e+00 3.973781568104765155e-02
8.800000000000000711e+00 6.621356075043446920e-02
8.900000000000000355e+00 7.661607978761948712e-02
9.000000000000000000e+00 7.309416625256073829e-02
9.099999999999999645e+00 2.013404329871693044e-02
9.200000000000001066e+00 4.423079989445113241e-02
9.300000000000000711e+00 3.426748952574528578e-02
9.400000000000000355e+00 9.042085680719044727e-02
9.500000000000000000e+00 5.001587692238448901e-02
9.600000000000001421e+00 9.476054155336124940e-02
9.700000000000001066e+00 3.204198119430033687e-02
9.800000000000000711e+00 3.873817269218274989e-02
9.900000000000000355e+00 6.573525991513885780e-02
1.000000000000000000e+01 1.861136356722426291e-02
1.010000000000000142e+01 4.667418540423941276e-02
1.020000000000000107e+01 1.875611376874540158e-03
1.030000000000000071e+01 4.604753480411229519e-03
1.040000000000000036e+01 7.434228299291451014e-02
1.050000000000000000e+01 6.242201360773071139e-02
1.060000000000000142e+01 3.569091249083470446e-02
1.070000000000000107e+01 4.099387026672692003e-02
1.080000000000000071e+01 9.116022038624613244e-02
1.090000000000000036e+01 3.815008495810900957e-02
1.100000000000000000e+01 8.498775055972368486e-02
1.110000000000000142e+01 5.374542328018686033e-02
1.120000000000000107e+01 5.905104950122216229e-02
1.130000000000000071e+01 8.850109517637563816e-02
1.140000000000000036e+01 6.782048630890623320e-02
1.150000000000000000e+01 3.278055428919456060e-02
1.160000000000000142e+01 7.530135274736726725e-02
1.170000000000000107e+01 6.799991006649372394e-02
1.180000000000000071e+01 7.790303480591937932e-03
1.190000000000000036e+01 2.008992893203044236e-02
1.200000000000000000e+01 2.832633017751524582e-02
1.210000000000000142e+01 3.775343898429538853e-02
1.220000000000000107e+01 2.087062837521430972e-02
1.230000000000000071e+01 1.792656368695724062e-02
1.240000000000000036e+01 9.373828375152100378e-02
1.250000000000000000e+01 6.664499389139091901e-02
1.260000000000000142e+01 3.099841131106212400e-02
1.270000000000000107e+01 3.003324839011376618e-02
1.280000000000000071e+01 1.548369395016348238e-02
1.290000000000000036e+01 1.327697360784686753e-02
1.300000000000000000e+01 5.498580117227693659e-02
1.310000000000000142e+01 3.880132765846054654e-02
1.320000000000000107e+01 2.737400057073002108e-04
1.330000000000000071e+01 4.519166003611525817e-02
1.340000000000000036e+01 7.200083737515726445e-02
1.350000000000000000e+01 6.992765310704718296e-02
1.360000000000000142e+01 5.052810861076868776e-02
1.370000000000000107e+01 7.154653783682028700e-02
1.380000000000000071e+01 4.165073533991962840e-02
1.390000000000000036e+01 3.458172382035921283e-02
1.400000000000000000e+01 7.109806129286025400e-02
1.410000000000000142e+01 7.607223922598083110e-02
1.420000000000000107e+01 4.706299264092408258e-02
1.430000000000000071e+01 6.079626559167523175e-02
1.440000000000000036e+01 1.935884997186569645e-02
1.450000000000000000e+01 8.498448061677632559e-02
1.460000000000000142e+01 9.696688219612140114e-02
1.470000000000000107e+01 5.576653731604095526e-02
1.480000000000000071e+01 1.453162426547666489e-02
1.490000000000000036e+01 2.814078759824257744e-02
1.500000000000000000e+01 6.803621715464409914e-02
1.510000000000000142e+01 8.905803922379212922e-02
1.520000000000000107e+01 7.704026573134900580e-02
1.530000000000000071e+01 5.174688309613789672e-02
1.540000000000000036e+01 9.698286602129478629e-02
1.550000000000000000e+01 9.848803649807244542e-02
1.560000000000000142e+01 6.265332520761413004e-02
1.570000000000000107e+01 6.430415546897223777e-02
1.580000000000000071e+01 4.479146908487204037e-02
1.590000000000000036e+01 4.452085792288217742e-02
1.600000000000000000e+01 4.613659230867964145e-02
1.610000000000000142e+01 8.103952535196799756e-02
1.619999999999999929e+01 3.006673844915727645e-02
1.630000000000000071e+01 6.997697795752043370e-02
1.640000000000000213e+01 3.272141445457049658e-02
1.650000000000000000e+01 8.380739882915899663e-02
1.660000000000000142e+01 8.611328335763868136e-02
1.669999999999999929e+01 5.926232509167092544e-02
1.680000000000000071e+01 8.495671374942760645e-02
1.690000000000000213e+01 6.435963194834448675e-02
1.700000000000000000e+01 5.822949421176116386e-02
1.710000000000000142e+01 5.015921931955952956e-02
1.719999999999999929e+01 2.035858109415524322e-02
1.730000000000000071e+01 6.684892773645544073e-02
1.740000000000000213e+01 7.379622967459802119e-02
1.750000000000000000e+01 4.191664750727438354e-02
1.760000000000000142e+01 1.248246860793108723e-04
1.769999999999999929e+01 4.548921273376619473e-02
1.780000000000000071e+01 3.091178298796133303e-02
1.790000000000000213e+01 6.910218988399817464e-02
1.800000000000000000e+01 6.802845571845378414e-02
1.810000000000000142e+01 5.181281280294976893e-02
1.819999999999999929e+01 8.653956688397305974e-02
1.830000000000000071e+01 4.995610268484192845e-02
1.840000000000000213e+01 8.660440103422374636e-02
1.850000000000000000e+01 7.045297756867616168e-02
1.860000000000000142e+01 8.350262090623360167e-02
1.869999999999999929e+01 7.874748017578911408e-02
1.880000000000000071e+01 2.004031484987480599e-02
1.890000000000000213e+01 8.213804731301652118e-02
1.900000000000000000e+01 6.671980509396283066e-02
1.910000000000000142e+01 6.427657006100177817e-02
1.920000000000000284e+01 5.613912989783539226e-02
1.930000000000000071e+01 3.726036698253080981e-02
1.940000000000000213e+01 4.326455833525943984e-02
1.950000000000000000e+01 8.346362657044341382e-02
1.960000000000000142e+01 8.976519016887822555e-02
1.970000000000000284e+01 2.726883881515541203e-02
1.980000000000000071e+01 8.869128614624233187e-02
1.990000000000000213e+01 8.338460238649035572e-02
2.000000000000000000e+01 2.362724495971344797e-03
2.010000000000000142e+01 1.513465493807438639e-02
2.020000000000000284e+01 6.630876764964768137e-04
2.030000000000000071e+01 8.615969738806826539e-02
2.040000000000000213e+01 5.892922082301589592e-02
2.050000000000000000e+01 2.041760136901819150e-02
2.060000000000000142e+01 8.182290468372047099e-02
2.070000000000000284e+01 7.745409245567169698e-02
2.080000000000000071e+01 4.004722445938664090e-03
2.090000000000000213e+01 4.364872175526445658e-02
2.100000000000000000e+01 5.613490012126525625e-02
2.110000000000000142e+01 5.547492981572547943e-02
2.120000000000000284e+01 4.464701719318881976e-03
2.130000000000000071e+01 2.182637369459432524e-03
2.140000000000000213e+01 9.269305554902844413e-02
2.150000000000000000e+01 8.473634725587922412e-02
2.160000000000000142e+01 6.628560613161531279e-02
2.170000000000000284e+01 6.254698520873439027e-02
2.180000000000000071e+01 8.712098279382245181e-02
2.190000000000000213e+01 9.006303623034218886e-02
2.200000000000000000e+01 6.652036769608012101e-02
2.210000000000000142e+01 9.205585156710832315e-03
2.220000000000000284e+01 1.788464850972760686e-02
2.230000000000000071e+01 9.091736078419962452e-02
2.240000000000000213e+01 9.977381902496777755e-02
2.250000000000000000e+01 3.179266869360531517e-02
2.260000000000000142e+01 7.267999043700301698e-02
2.270000000000000284e+01 2.646524330865938912e-02
2.280000000000000071e+01 5.562829151608559425e-02
2.290000000000000213e+01 9.595599654255605737e-02
2.300000000000000000e+01 1.174942669591539117e-03
2.310000000000000142e+01 2.867830174222925181e-03
2.320000000000000284e+01 8.643595851113338238e-03
2.330000000000000071e+01 1.687034557043110656e-03
2.340000000000000213e+01 2.560752600331823309e-02
2.350000000000000000e+01 9.990387857374681546e-02
2.360000000000000142e+01 2.004495757269742634e-02
2.370000000000000284e+01 6.687547556414813466e-02
2.380000000000000071e+01 6.861456393334704196e-02
2.390000000000000213e+01 6.370063214610033331e-02
2.400000000000000000e+01 5.320736210837437308e-02
2.410000000000000142e+01 9.227357305790791220e-02
2.420000000000000284e+01 6.700817470607822735e-02
2.430000000000000071e+01 8.022376512173128027e-02
2.440000000000000213e+01 9.504694821887349487e-02
2.450000000000000000e+01 5.773671555901521008e-02
2.460000000000000142e+01 3.158107707251950336e-02
2.470000000000000284e+01 2.835506519633695585e-02
2.480000000000000071e+01 8.693350096269261695e-02
2.490000000000000213e+01 3.577221953747378169e-02
2.500000000000000000e+01 7.345548956657059481e-02
2.510000000000000142e+01 7.773179285680026362e-02
2.520000000000000284e+01 6.110672153634429810e-02
2.530000000000000071e+01 1.767644507249947067e-02
2.540000000000000213e+01 5.469103120492575798e-02
2.550000000000000000e+01 6.636934407399759650e-02
2.560000000000000142e+01 7.537330091315848357e-02
2.570000000000000284e+01 9.047093492412650040e-02
2.580000000000000071e+01 2.865484709592203832e-02
2.590000000000000213e+01 8.676075713668836287e-02
2.600000000000000000e+01 6.014672653656424200e-02
2.610000000000000142e+01 5.891803806827430184e-02
2.620000000000000284e+01 5.517729513111113704e-02
2.630000000000000071e+01 8.058785855011542376e-02
2.640000000000000213e+01 1.014725953732756314e-01
2.650000000000000000e+01 9.391316974823112063e-02
2.660000000000000142e+01 1.373763417083485872e-02
2.670000000000000284e+01 2.768318199155853782e-02
2.680000000000000071e+01 4.430586122294542795e-02
2.690000000000000213e+01 4.247240161295492283e-02
2.700000000000000000e+01 7.831421975716680584e-02
2.710000000000000142e+01 1.899114496944311059e-02
2.720000000000000284e+01 6.954179784753791727e-02
2.730000000000000071e+01 6.780635784702580826e-02
2.740000000000000213e+01 2.806742452636504237e-02
2.750000000000000000e+01 5.253191984389675440e-02
2.760000000000000142e+01 2.213791217218493215e-02
2.770000000000000284e+01 4.414063001306767903e-02
2.780000000000000071e+01 8.390242517482052187e-02
2.790000000000000213e+01 3.646536536895475522e-02
2.800000000000000000e+01 2.717958326474765110e-02
2.810000000000000142e+01 4.482371487304896707e-02
2.820000000000000284e+01 8.753451846873956665e-02
2.830000000000000071e+01 1.285358838640618118e-01
2.840000000000000213e+01 1.149485152499740981e-01
2.850000000000000000e+01 6.796858785652784563e-02
2.860000000000000142e+01 1.323316102095116187e-01
2.870000000000000284e+01 4.545163302340338163e-02
2.880000000000000071e+01 9.437928830593461660e-02
2.890000000000000213e+01 8.281933858857618014e-02
2.900000000000000000e+01 1.083892373080805049e-01
2.910000000000000142e+01 1.233237853898539321e-01
2.920000000000000284e+01 1.473851581207759054e-01
2.930000000000000071e+01 1.511139096746049459e-01
2.940000000000000213e+01 1.079996078693958306e-01
2.950000000000000000e+01 1.217480825429875652e-01
2.960000000000000142e+01 1.779187105048135598e-01
2.970000000000000284e+01 1.881194488021339373e-01
2.980000000000000071e+01 1.019531986289036324e-01
2.990000000000000213e+01 1.645645092232959072e-01
3.000000000000000000e+01 1.327774225053918733e-01
3.010000000000000142e+01 1.807954866072508660e-01
3.020000000000000284e+01 1.703465106963006903e-01
3.030000000000000071e+01 1.947879101602510432e-01
3.040000000000000213e+01 2.170427255769079578e-01
3.050000000000000000e+01 2.214438314922688167e-01
3.060000000000000142e+01 2.180354198214732864e-01
3.070000000000000284e+01 2.075627496387734694e-01
3.080000000000000071e+01 2.287146166761249988e-01
3.090000000000000213e+01 2.702831624343570716e-01
3.100000000000000000e+01 3.154283614140623304e-01
3.110000000000000142e+01 2.783955762267385503e-01
3.120000000000000284e+01 3.061818129070396632e-01
3.130000000000000071e+01 2.869554506566426300e-01
3.140000000000000213e+01 2.778238609714494545e-01
3.150000000000000000e+01 3.643740074080400460e-01
3.160000000000000142e+01 3.783792959159310021e-01
3.170000000000000284e+01 3.305511984166190631e-01
3.180000000000000071e+01 3.905587915089787643e-01
3.190000000000000213e+01 3.838585844298187388e-01
3.200000000000000000e+01 3.778204553027195711e-01
3.210000000000000142e+01 4.764413169163276285e-01
3.220000000000000284e+01 4.604077649617982493e-01
3.230000000000000426e+01 4.975159301695085690e-01
3.239999999999999858e+01 4.740931525160617110e-01
3.250000000000000000e+01 5.216862338273668964e-01
3.260000000000000142e+01 5.226890769391230318e-01
3.270000000000000284e+01 5.820289891322428799e-01
3.280000000000000426e+01 5.796990307158461642e-01
3.289999999999999858e+01 6.068535878666774241e-01
3.300000000000000000e+01 5.770260043997860189e-01
3.310000000000000142e+01 6.700642886553423994e-01
3.320000000000000284e+01 6.171564647594149911e-01
3.330000000000000426e+01 6.769452621687817029e-01
3.339999999999999858e+01 6.741853216509963165e-01
3.350000000000000000e+01 7.117422661636749748e-01
3.360000000000000142e+01 7.380354050901132279e-01
3.370000000000000284e+01 7.749799271682442647e-01
3.380000000000000426e+01 7.399665392390872842e-01
3.389999999999999858e+01 7.623894440907235115e-01
3.400000000000000000e+01 7.565178491738759892e-01
3.410000000000000142e+01 7.870566926627297066e-01
3.420000000000000284e+01 8.828760669164823494e-01
3.430000000000000426e+01 8.618813791866595242e-01
3.439999999999999858e+01 8.784072913082275891e-01
3.450000000000000000e+01 8.840815166654354407e-01
3.460000000000000142e+01 9.501468713790061082e-01
3.470000000000000284e+01 9.649092098936227213e-01
3.480000000000000426e+01 9.151130293999995002e-01
3.489999999999999858e+01 9.152837747099407117e-01
3.500000000000000000e+01 1.003671388119709240e+00
3.510000000000000142e+01 9.708460504586196027e-01
3.520000000000000284e+01 9.693138569595503018e-01
3.530000000000000426e+01 9.888655355305558947e-01
3.539999999999999858e+01 1.003147327061244320e+00
3.550000000000000000e+01 9.821136753240784500e-01
3.560000000000000142e+01 9.833449245690107920e-01
3.570000000000000284e+01 1.035371115561603661e+00
3.580000000000000426e+01 1.074195332386402635e+00
3.589999999999999858e+01 1.030126979347749216e+00
3.600000000000000000e+01 1.083605128934995498e+00
3.610000000000000142e+01 1.024882614500116418e+00
3.620000000000000284e+01 1.036647753289279938e+00
3.630000000000000426e+01 1.088099796306799982e+00
3.639999999999999858e+01 1.003836180975283821e+00
3.650000000000000000e+01 1.051660394232847295e+00
3.660000000000000142e+01 1.029180439153627891e+00
3.670000000000000284e+01 1.047276763052771065e+00
3.680000000000000426e+01 1.001617729268119872e+00
3.689999999999999858e+01 1.022082828802015175e+00
3.700000000000000000e+01 9.977472831113798346e-01
3.710000000000000142e+01 9.912929040063258590e-01
3.720000000000000284e+01 9.587192654067718811e-01
3.730000000000000426e+01 1.015837630905140898e+00
3.739999999999999858e+01 1.008958502562826709e+00
3.750000000000000000e+01 9.706966280702774563e-01
3.760000000000000142e+01 9.690750778880837801e-01
3.770000000000000284e+01 9.027299674147321040e-01
3.780000000000000426e+01 9.397500355119905446e-01
3.789999999999999858e+01 9.103144030182673818e-01
3.800000000000000000e+01 9.170712960128781788e-01
3.810000000000000142e+01 9.076644117770179543e-01
3.820000000000000284e+01 8.125643171042665758e-01
3.830000000000000426e+01 8.466948645481759961e-01
3.840000000000000568e+01 8.338116481104518307e-01
3.850000000000000000e+01 8.162674643578398115e-01
3.860000000000000142e+01 7.728989453576379232e-01
3.870000000000000284e+01 8.004022465091945593e-01
3.880000000000000426e+01 7.571058988656641509e-01
3.890000000000000568e+01 6.993339842291043107e-01
3.900000000000000000e+01 6.725855266860698567e-01
3.910000000000000142e+01 7.263408806512900995e-01
3.920000000000000284e+01 6.248535991769852416e-01
3.930000000000000426e+01 6.607673209727417118e-01
3.940000000000000568e+01 6.354863010949636237e-01
3.950000000000000000e+01 6.349959223177261691e-01
3.960000000000000142e+01 6.169232471625212266e-01
3.970000000000000284e+01 5.388831888798550906e-01
3.980000000000000426e+01 5.088897245237901101e-01
3.990000000000000568e+01 4.884506374555779851e-01
4.000000000000000000e+01 5.039563686654247032e-01
4.010000000000000142e+01 5.188055034384174702e-01
4.020000000000000284e+01 4.756835034878174051e-01
4.030000000000000426e+01 4.094001631036744970e-01
4.040000000000000568e+01 4.201075790905922092e-01
4.050000000000000000e+01 3.782124462236504114e-01
4.060000000000000142e+01 3.609403784602477905e-01
4.070000000000000284e+01 4.118897111429942193e-01
4.080000000000000426e+01 4.155911485266841621e-01
4.090000000000000568e+01 3.729671499843687510e-01
4.100000000000000000e+01 3.216626988193564407e-01
4.110000000000000142e+01 3.457174890283066793e-01
4.120000000000000284e+01 2.896585128395652298e-01
4.130000000000000426e+01 2.953717233459969838e-01
4.140000000000000568e+01 3.277823666640931610e-01
4.150000000000000000e+01 2.506056268224211014e-01
4.160000000000000142e+01 2.505246405495291651e-01
4.170000000000000284e+01 2.456021676245397356e-01
4.180000000000000426e+01 1.871614512375875672e-01
4.190000000000000568e+01 1.711390385456866836e-01
4.200000000000000000e+01 2.461159837897420877e-01
4.210000000000000142e+01 1.823633143795740930e-01
4.220000000000000284e+01 1.662213277873676176e-01
4.230000000000000426e+01 1.969954757844165627e-01
4.240000000000000568e+01 1.782536692068127926e-01
4.250000000000000000e+01 1.830254445773434879e-01
4.260000000000000142e+01 1.986366856765085509e-01
4.270000000000000284e+01 1.370351015425508856e-01
4.280000000000000426e+01 1.167679780763022090e-01
4.290000000000000568e+01 9.994738100133883363e-02
4.300000000000000000e+01 9.377882194652982506e-02
4.310000000000000142e+01 7.424246417652899388e-02
4.320000000000000284e+01 1.141264308844046060e-01
4.330000000000000426e+01 1.367758105450340989e-01
4.340000000000000568e+01 1.513971662513629024e-01
4.350000000000000000e+01 9.348396083241659882e-02
4.360000000000000142e+01 1.063540165396836962e-01
4.370000000000000284e+01 1.196564385693214411e-01
4.380000000000000426e+01 1.259633338010033299e-01
4.390000000000000568e+01 6.485273042802552901e-02
4.400000000000000000e+01 5.146810978998073161e-02
4.410000000000000142e+01 6.800271204019936455e-02
4.420000000000000284e+01 4.987448062392853959e-02
4.430000000000000426e+01 8.321873807621592289e-02
4.440000000000000568e+01 1.096552918916315345e-01
4.450000000000000000e+01 3.446781092715842099e-02
4.460000000000000142e+01 8.810355247967054104e-02
4.470000000000000284e+01 8.801187034651501706e-02
4.480000000000000426e+01 2.552795951659866946e-02
4.490000000000000568e+01 5.346407775825072484e-02
4.500000000000000000e+01 2.089194519515608084e-02
4.510000000000000142e+01 7.163015979268029521e-02
4.520000000000000284e+01 7.371831357279318153e-02
4.530000000000000426e+01 8.549553750236042748e-02
4.540000000000000568e+01 7.620127748545320323e-02
4.550000000000000000e+01 1.030038708285907073e-01
4.560000000000000142e+01 3.699643504829049773e-02
4.570000000000000284e+01 1.050946023036031518e-01
4.580000000000000426e+01 8.388171004588299007e-02
4.590000000000000568e+01 6.157288219554738623e-02
4.600000000000000000e+01 6.999724228033298024e-02
4.610000000000000142e+01 9.792772213668320125e-02
4.620000000000000284e+01 3.758980535241990273e-02
4.630000000000000426e+01 9.456330502170995356e-02
4.640000000000000568e+01 6.451246889491148162e-02
4.650000000000000000e+01 1.025040294550143283e-01
4.660000000000000142e+01 4.953542846073864109e-02
4.670000000000000284e+01 8.051649755281752030e-02
4.680000000000000426e+01 3.170604802348334951e-03
4.690000000000000568e+01 7.406575360637188826e-03
4.700000000000000000e+01 2.834639146960392028e-02
4.710000000000000142e+01 8.806713235330131118e-02
4.720000000000000284e+01 6.281325890504366183e-02
4.730000000000000426e+01 1.986270717295908830e-02
4.740000000000000568e+01 8.171377970147741809e-02
4.750000000000000000e+01 1.251474594549186262e-02
4.760000000000000142e+01 3.687174533640945329e-02
4.770000000000000284e+01 4.930024365625981092e-02
4.780000000000000426e+01 8.454972736590163351e-02
4.790000000000000568e+01 4.168967184923018376e-02
4.800000000000000000e+01 9.842502129138452904e-02
4.810000000000000142e+01 8.465478714501495361e-02
4.820000000000000284e+01 1.338948892227751061e-03
4.830000000000000426e+01 1.738015822828549092e-02
4.840000000000000568e+01 7.034141673990242788e-03
4.850000000000000000e+01 1.429662502005135498e-02
4.860000000000000142e+01 3.526992486745368638e-02
4.870000000000000284e+01 2.316508061782655489e-02
4.880000000000000426e+01 2.231069516527304716e-02
4.890000000000000568e+01 6.644945508917247945e-02
4.900000000000000000e+01 1.829516837104724555e-02
4.910000000000000142e+01 5.740954365961052630e-02
4.920000000000000284e+01 1.975318852725299612e-02
4.930000000000000426e+01 7.703095234748494335e-02
4.940000000000000568e+01 6.432313786713615700e-02
4.950000000000000000e+01 6.554473984321074198e-02
4.960000000000000142e+01 3.651010012971588059e-02
4.970000000000000284e+01 9.505191280332012105e-02
4.980000000000000426e+01 2.240176706933717440e-02
4.990000000000000568e+01 5.967389969396674765e-02
5.000000000000000000e+01 9.310496171708163016e-03
5.010000000000000142e+01 1.805461230338614373e-02
5.020000000000000284e+01 4.920330884658219439e-02
5.030000000000000426e+01 9.798134847624347110e-02
5.040000000000000568e+01 8.234463200425239104e-02
5.050000000000000000e+01 1.657428911676768132e-02
5.060000000000000142e+01 5.856253209656868408e-02
5.070000000000000284e+01 9.758849193022414020e-03
5.080000000000000426e+01 4.291686441826091103e-02
5.090000000000000568e+01 3.097243213787890040e-02
5.100000000000000000e+01 6.487518850811849203e-02
5.110000000000000142e+01 9.928625434965672458e-02
5.120000000000000284e+01 9.416857116917093026e-03
5.130000000000000426e+01 5.882354998911856758e-02
5.140000000000000568e+01 1.331601211740408158e-02
5.150000000000000000e+01 4.748617230750335622e-02
5.160000000000000142e+01 9.660119370213487988e-02
5.170000000000000284e+01 2.601996787543925122e-03
5.180000000000000426e+01 8.288438768822535552e-02
5.190000000000000568e+01 2.840267072111505101e-02
5.200000000000000000e+01 9.560299714918686631e-02
5.210000000000000142e+01 8.795444876311649118e-02
5.220000000000000284e+01 5.329483290388128958e-02
5.230000000000000426e+01 2.077546976282141147e-02
5.240000000000000568e+01 9.382999871323628727e-02
5.250000000000000000e+01 8.058808805924871921e-02
5.260000000000000142e+01 6.508113033625351207e-02
5.270000000000000284e+01 2.759098845178103998e-02
5.280000000000000426e+01 2.079683722077775229e-02
5.290000000000000568e+01 7.224109576261740495e-02
5.300000000000000000e+01 3.206951769345179476e-02
5.310000000000000142e+01 7.123645055787440616e-02
5.320000000000000284e+01 5.167874989939028052e-02
5.330000000000000426e+01 6.806844662637674681e-02
5.340000000000000568e+01 5.842321292359445306e-02
5.350000000000000000e+01 9.745370832565659891e-02
5.360000000000000142e+01 2.463144303395648285e-02
5.370000000000000284e+01 9.238098628777491328e-02
5.380000000000000426e+01 8.445432074149236690e-02
5.390000000000000568e+01 4.795507681087825963e-02
5.400000000000000000e+01 8.330710615617972770e-02
5.410000000000000142e+01 8.676063260348851336e-02
5.420000000000000284e+01 4.947863585661842201e-02
5.430000000000000426e+01 5.965648954125129383e-02
5.440000000000000568e+01 7.422002524825115251e-03
5.450000000000000000e+01 9.449140927397192691e-02
5.460000000000000142e+01 7.872791961376834902e-02
5.470000000000000284e+01 6.239393098297631168e-02
5.480000000000000426e+01 2.864914761846743679e-02
5.490000000000000568e+01 9.753752471839388649e-02
5.500000000000000000e+01 6.644212462038388833e-02
5.510000000000000142e+01 5.447139034503122035e-02
5.520000000000000284e+01 9.980104688833583981e-02
5.530000000000000426e+01 4.219423290422428391e-02
5.540000000000000568e+01 6.577117727126388647e-02
5.550000000000000000e+01 3.827426727595056172e-02
5.560000000000000142e+01 7.097507854757820200e-02
5.570000000000000284e+01 1.577844369845769409e-02
5.580000000000000426e+01 5.943821761188714664e-02
5.590000000000000568e+01 5.630565195264176231e-02
5.600000000000000000e+01 9.609400513307345126e-02
5.610000000000000142e+01 1.549055829745056220e-02
5.620000000000000284e+01 5.524167423315627309e-03
5.630000000000000426e+01 9.045934691392139293e-02
5.640000000000000568e+01 8.088932648358190813e-02
5.650000000000000000e+01 2.211410019475385999e-02
5.660000000000000142e+01 8.605232216095695663e-02
5.670000000000000284e+01 5.648732102347858719e-02
5.680000000000000426e+01 4.881571161376209445e-02
5.690000000000000568e+01 8.369874007666215643e-02
5.700000000000000000e+01 4.529049314616215988e-02
5.710000000000000142e+01 4.514317693239931067e-02
5.720000000000000284e+01 6.420201370067990521e-02
5.730000000000000426e+01 5.431110710359463023e-02
5.740000000000000568e+01 2.336329098789147185e-02
5.750000000000000000e+01 9.915948941022362240e-02
5.760000000000000142e+01 1.194456722461485938e-02
5.770000000000000284e+01 3.869110791776913388e-02
5.780000000000000426e+01 9.168799096519526792e-02
5.790000000000000568e+01 1.590684602898398414e-02
5.800000000000000000e+01 4.796796688188410818e-02
5.810000000000000142e+01 4.196736037642786327e-02
5.820000000000000284e+01 9.557533154074013965e-03
5.830000000000000426e+01 9.212818933105328123e-02
5.840000000000000568e+01 4.980452158222783282e-02
5.850000000000000000e+01 4.717025782174209814e-02
5.860000000000000142e+01 7.782201498049516608e-02
5.870000000000000284e+01 5.257886565664847411e-02
5.880000000000000426e+01 6.925415090697967235e-02
5.890000000000000568e+01 7.595527993125215926e-02
5.900000000000000000e+01 9.757900186691916000e-02
5.910000000000000142e+01 5.877966966553320981e-03
5.920000000000000284e+01 7.829387617233204977e-02
5.930000000000000426e+01 7.423292679580429862e-03
5.940000000000000568e+01 5.773739660709920063e-02
5.950000000000000000e+01 9.377540675577762663e-02
5.960000000000000142e+01 8.856803600859225467e-02
5.970000000000000284e+01 5.712645068594442155e-02
5.980000000000000426e+01 7.912990329661039046e-02
5.990000000000000568e+01 8.390469403653896818e-02
6.000000000000000000e+01 6.960515580646235712e-02
6.010000000000000142e+01 9.423997952067382500e-02
6.020000000000000284e+01 6.881331416377529930e-02
6.030000000000000426e+01 8.169249359289382229e-02
6.040000000000000568e+01 1.583819943545926312e-02
6.050000000000000000e+01 3.484962962067038317e-02
6.060000000000000142e+01 9.217688568889376155e-02
6.070000000000000284e+01 4.170547809713868320e-02
6.080000000000000426e+01 6.732282347972917691e-02
6.090000000000000568e+01 9.374812389418598875e-04
6.100000000000000000e+01 4.468552897897482695e-02
6.110000000000000142e+01 1.238424364655856848e-02
6.120000000000000284e+01 5.029498995113074883e-02
6.130000000000000426e+01 2.921946321073338668e-02
6.140000000000000568e+01 8.144363496712744843e-02
6.150000000000000000e+01 4.599595199467143569e-02
6.160000000000000142e+01 8.413096044172210797e-02
6.170000000000000284e+01 6.854923019381152505e-02
6.180000000000000426e+01 7.770666644450141547e-02
6.190000000000000568e+01 1.040902935514921406e-02
6.200000000000000000e+01 7.662575967609992766e-02
6.210000000000000142e+01 5.881362542433201529e-02
6.220000000000000284e+01 4.619811736130956248e-02
6.230000000000000426e+01 4.744423619133583681e-02
6.240000000000000568e+01 2.745683650123142625e-02
6.250000000000000000e+01 1.286790553245056520e-02
6.260000000000000142e+01 5.224547679338494705e-02
6.270000000000000284e+01 2.820838565003027862e-02
6.280000000000000426e+01 6.631228273264500039e-02
6.290000000000000568e+01 8.628833242557761019e-02
6.300000000000000000e+01 3.018509258814610838e-02
6.310000000000000142e+01 5.453164992453782278e-02
6.320000000000000284e+01 9.184172818918542869e-02
6.330000000000000426e+01 9.781921700150256194e-02
6.340000000000000568e+01 8.456109978356603208e-05
6.350000000000000000e+01 7.642551327309021758e-02
6.360000000000000142e+01 3.595039024815506468e-02
6.370000000000000284e+01 5.246057280548084567e-02
6.380000000000000426e+01 2.706429092759421885e-03
6.390000000000000568e+01 5.631167046767819595e-02
6.400000000000000000e+01 1.341965555567117309e-02
6.410000000000000853e+01 9.182093080840218746e-02
6.420000000000000284e+01 1.384795562535123814e-02
6.429999999999999716e+01 3.832325869146604308e-02
6.440000000000000568e+01 5.085600642981413788e-02
6.450000000000000000e+01 5.439995979814425675e-02
6.460000000000000853e+01 7.938744365124783889e-03
6.470000000000000284e+01 8.949030846271868733e-02
6.479999999999999716e+01 8.793616222343102889e-03
6.490000000000000568e+01 6.857389236176447689e-02
6.500000000000000000e+01 7.393270356864468928e-02
6.510000000000000853e+01 7.060213538141316136e-02
6.520000000000000284e+01 3.950861707316145888e-02
6.529999999999999716e+01 8.987802483249550389e-02
6.540000000000000568e+01 6.488554331383475371e-02
6.550000000000000000e+01 9.531002780897174231e-02
6.560000000000000853e+01 9.857583857062790153e-03
6.570000000000000284e+01 6.413286614377855695e-03
6.579999999999999716e+01 7.639285255975375444e-02
6.590000000000000568e+01 2.659734798542454787e-02
6.600000000000000000e+01 1.874568922618986486e-02
6.610000000000000853e+01 4.699607602957463909e-02
6.620000000000000284e+01 4.404612157377969794e-02
6.629999999999999716e+01 6.586330643104787788e-03
6.640000000000000568e+01 2.658068623540442779e-02
6.650000000000000000e+01 7.268861483661578915e-02
6.660000000000000853e+01 7.332635083528105330e-04
6.670000000000000284e+01 5.493335515467988317e-02
6.679999999999999716e+01 4.021964046134316600e-02
6.690000000000000568e+01 2.192609031883678908e-02
6.700000000000000000e+01 5.801475220664188692e-02
6.710000000000000853e+01 7.473977545444712711e-02
6.720000000000000284e+01 3.066676399460305236e-02
6.729999999999999716e+01 6.137181742928743411e-02
6.740000000000000568e+01 6.187203760969238464e-02
6.750000000000000000e+01 4.638001487251317695e-02
6.760000000000000853e+01 7.731316433520198095e-02
6.770000000000000284e+01 2.667361213273573492e-02
6.779999999999999716e+01 7.323604348697851374e-02
6.790000000000000568e+01 1.861238283156953915e-02
6.800000000000000000e+01 9.978678897930128022e-02
6.810000000000000853e+01 9.721034935238158370e-02
6.820000000000000284e+01 1.162505829850972797e-02
6.829999999999999716e+01 1.944170294714073904e-02
6.840000000000000568e+01 3.747897773640587044e-02
6.850000000000000000e+01 1.898853346190560940e-02
6.860000000000000853e+01 6.567716013736688008e-02
6.870000000000000284e+01 8.965807662892906482e-02
6.879999999999999716e+01 6.484359794288860335e-02
6.890000000000000568e+01 3.602288514882613646e-02
6.900000000000000000e+01 7.803354956599159453e-02
6.910000000000000853e+01 6.714255174558379780e-02
6.920000000000000284e+01 3.668904247988059864e-02
6.929999999999999716e+01 5.919478838966106549e-02
6.940000000000000568e+01 7.573886914885316624e-02
6.950000000000000000e+01 6.593310679925602769e-02
6.960000000000000853e+01 2.399039833616222264e-02
6.970000000000000284e+01 8.239929993441587330e-02
6.979999999999999716e+01 3.768983537049205162e-02
6.990000000000000568e+01 4.937705617336404090e-02
7.000000000000000000e+01 9.550851245440966641e-02
7.010000000000000853e+01 6.048809929099152258e-03
7.020000000000000284e+01 2.332654983104399601e-02
7.029999999999999716e+01 9.054742898923796857e-02
7.040000000000000568e+01 2.642551811412043733e-02
7.050000000000000000e+01 9.615489244743077868e-02
7.060000000000000853e+01 9.730819207721777553e-02
7.070000000000000284e+01 7.861634259294596194e-02
7.079999999999999716e+01 6.944628856453691212e-02
7.090000000000000568e+01 6.545787692130754232e-02
7.100000000000000000e+01 5.548281439312732072e-02
7.110000000000000853e+01 6.075991745292545071e-02
7.120000000000000284e+01 4.637351074839385356e-02
7.129999999999999716e+01 7.885647460022403299e-02
7.140000000000000568e+01 9.661648913325804333e-02
7.150000000000000000e+01 3.143984684887501935e-02
7.160000000000000853e+01 5.491809458405683478e-03
7.170000000000000284e+01 1.248337534388831507e-02
7.179999999999999716e+01 6.937992567963587043e-02
7.190000000000000568e+01 7.392432701408643836e-02
7.200000000000000000e+01 6.136685468343154592e-02
7.210000000000000853e+01 8.903788634838963323e-02
7.220000000000000284e+01 7.703513952583196725e-03
7.229999999999999716e+01 2.872010572911474352e-02
7.240000000000000568e+01 6.853412660290933434e-02
7.250000000000000000e+01 3.933479259703813458e-02
7.260000000000000853e+01 9.166979517314285952e-02
7.270000000000000284e+01 5.440158629466200491e-02
7.279999999999999716e+01 9.733338270815035387e-02
7.290000000000000568e+01 1.497754965636197665e-02
7.300000000000000000e+01 5.609045512555398127e-02
7.310000000000000853e+01 7.192389038574560634e-02
7.320000000000000284e+01 1.499861457424206401e-02
7.329999999999999716e+01 4.773105661542822314e-02
7.340000000000000568e+01 5.216026359482391767e-02
7.350000000000000000e+01 5.432328405182262464e-04
7.360000000000000853e+01 4.179085800251423899e-02
7.370000000000000284e+01 4.616739786021317390e-03
7.379999999999999716e+01 6.457905376815273324e-02
7.390000000000000568e+01 4.706780596982597376e-02
7.400000000000000000e+01 7.505773840278337494e-02
7.410000000000000853e+01 1.952953595437828538e-02
7.420000000000000284e+01 8.509189402833065852e-02
7.429999999999999716e+01 7.646911699914191174e-02
7.440000000000000568e+01 2.099586053798524476e-02
7.450000000000000000e+01 1.705512829400838287e-02
7.460000000000000853e+01 6.159157139559267961e-03
7.470000000000000284e+01 2.978249898942458840e-02
7.479999999999999716e+01 9.753271629397876341e-02
7.490000000000000568e+01 5.430898968061126028e-03
7.500000000000000000e+01 9.624568303116565193e-02
7.510000000000000853e+01 8.464595606860735033e-02
7.520000000000000284e+01 6.601426105664676310e-03
7.529999999999999716e+01 1.027393647448303707e-02
7.540000000000000568e+01 4.953331568134371199e-02
7.550000000000000000e+01 2.703825197460352214e-02
7.560000000000000853e+01 5.659632941482330148e-02
7.570000000000000284e+01 5.356141874426515598e-02
7.579999999999999716e+01 1.595673105292367763e-02
7.590000000000000568e+01 3.360477070740684052e-02
7.600000000000000000e+01 1.423043101076156870e-02
7.610000000000000853e+01 6.939374496251421442e-02
7.620000000000000284e+01 5.874516293504512821e-02
7.629999999999999716e+01 8.406913311330000207e-03
7.640000000000000568e+01 1.923884751909617913e-02
7.650000000000000000e+01 5.827779491259201666e-02
7.660000000000000853e+01 6.976377602147743051e-02
7.670000000000000284e+01 7.132252136475863979e-02
7.680000000000001137e+01 5.021776445704860536e-02
7.690000000000000568e+01 7.110824321946143667e-02
7.700000000000000000e+01 6.077912333925254706e-02
7.710000000000000853e+01 4.355523606750844046e-02
7.720000000000000284e+01 8.300889831453084344e-02
7.730000000000001137e+01 9.546104741082341028e-02
7.740000000000000568e+01 4.106877522235195116e-02
7.750000000000000000e+01 8.420404961274288724e-02
7.760000000000000853e+01 1.751163262618612299e-02
7.770000000000000284e+01 7.462379144511156748e-02
7.780000000000001137e+01 3.205631822986593216e-02
7.790000000000000568e+01 9.200423688264569360e-04
7.800000000000000000e+01 4.644881144277620416e-02
7.810000000000000853e+01 8.678431784903312129e-02
7.820000000000000284e+01 5.107805915397972685e-02
7.830000000000001137e+01 8.136623670033923950e-02
7.840000000000000568e+01 9.642280615702396307e-02
7.850000000000000000e+01 9.467470855140933117e-02
7.860000000000000853e+01 9.003102787505500026e-02
7.870000000000000284e+01 8.213680916275926946e-02
7.880000000000001137e+01 2.687947913445284248e-02
7.890000000000000568e+01 9.165667056971416038e-03
7.900000000000000000e+01 4.489825549686042583e-02
7.910000000000000853e+01 6.170727980346877445e-02
7.920000000000000284e+01 9.672003473411823482e-02
7.930000000000001137e+01 4.510467455785249768e-02
7.940000000000000568e+01 5.114870548688765783e-02
7.950000000000000000e+01 4.397549592368210636e-02
7.960000000000000853e+01 2.344660998162142324e-02
7.970000000000000284e+01 9.551582294866388378e-02
7.980000000000001137e+01 6.805448869368461995e-02
7.990000000000000568e+01 5.585046321119879580e-03
8.000000000000000000e+01 9.201798525002426177e-02
8.010000000000000853e+01 6.997065977546371163e-02
8.020000000000000284e+01 4.748026012075797636e-02
8.030000000000001137e+01 5.100608677326288337e-02
8.040000000000000568e+01 6.460158990429954329e-04
8.050000000000000000e+01 7.046284121967445746e-02
8.060000000000000853e+01 4.934284557977330725e-03
8.070000000000000284e+01 5.527486671108540472e-02
8.080000000000001137e+01 8.495906314793447156e-02
8.090000000000000568e+01 3.656245905584658284e-02
8.100000000000000000e+01 5.315751905089705076e-03
8.110000000000000853e+01 1.725159541689612677e-02
8.120000000000000284e+01 7.807513141473507168e-02
8.130000000000001137e+01 8.288306206299228540e-02
8.140000000000000568e+01 8.370760755393781560e-02
8.150000000000000000e+01 3.080910040805577912e-02
8.160000000000000853e+01 9.752259058734294439e-02
8.170000000000000284e+01 6.250641252845975937e-02
8.180000000000001137e+01 4.555405910995030672e-02
8.190000000000000568e+01 9.473478354424388903e-02
8.200000000000000000e+01 7.849653010140114628e-02
8.210000000000000853e+01 8.813077084156832608e-02
8.220000000000000284e+01 4.790382003966094787e-02
8.230000000000001137e+01 7.763014524365502433e-02
8.240000000000000568e+01 9.118797511273304957e-02
8.250000000000000000e+01 4.682841526153289774e-02
8.260000000000000853e+01 6.368755543947166031e-02
8.270000000000000284e+01 6.329383086253514805e-03
8.280000000000001137e+01 9.636883506810325906e-02
8.290000000000000568e+01 2.289410009098247212e-02
8.300000000000000000e+01 7.165328907210730125e-02
8.310000000000000853e+01 6.384705167712689811e-02
8.320000000000000284e+01 4.982164145624613794e-02
8.330000000000001137e+01 5.299453388848542751e-02
8.340000000000000568e+01 7.591666195658705596e-02
8.350000000000000000e+01 5.102817832708179957e-02
8.360000000000000853e+01 9.404857600808788631e-02
8.370000000000000284e+01 7.170546027290052027e-02
8.380000000000001137e+01 9.659161207663227722e-02
8.390000000000000568e+01 5.135306616863584417e-02
8.400000000000000000e+01 3.218487830341206640e-02
8.410000000000000853e+01 2.767392144957359079e-03
8.420000000000000284e+01 6.939695647073192142e-02
8.430000000000001137e+01 9.486348997258596538e-02
8.440000000000000568e+01 6.919396607769547070e-02
8.450000000000000000e+01 7.846791476107865815e-02
8.460000000000000853e+01 1.155469652028754367e-02
8.470000000000000284e+01 5.848500965361343173e-02
8.480000000000001137e+01 8.096716172116150134e-02
8.490000000000000568e+01 8.402785256243308631e-02
8.500000000000000000e+01 9.435443014524383387e-02
8.510000000000000853e+01 7.205412140044567537e-02
8.520000000000000284e+01 2.682834909884375049e-02
8.530000000000001137e+01 5.301616675391720296e-02
8.540000000000000568e+01 8.409133529950479913e-02
8.550000000000000000e+01 8.792473952445992169e-02
8.560000000000000853e+01 3.443295973777456276e-02
8.570000000000000284e+01 1.306751497897340420e-03
8.580000000000001137e+01 6.277396939694018796e-02
8.590000000000000568e+01 1.492735792039214839e-02
8.600000000000000000e+01 6.224981012890869886e-02
8.610000000000000853e+01 9.665055973711301346e-03
8.620000000000000284e+01 3.551281174483208319e-02
8.630000000000001137e+01 5.450579917573999955e-02
8.640000000000000568e+01 5.862161852466404172e-02
8.650000000000000000e+01 2.583598742429582540e-03
8.660000000000000853e+01 9.473347302551614335e-02
8.670000000000000284e+01 5.821802768877443190e-02
8.680000000000001137e+01 8.134148897221363250e-02
8.690000000000000568e+01 5.052566251753559667e-02
8.700000000000000000e+01 6.198128391522733649e-02
8.710000000000000853e+01 9.942223445642794921e-02
8.720000000000000284e+01 1.071217439563586574e-02
8.730000000000001137e+01 7.287214082421333838e-03
8.740000000000000568e+01 1.792576699293252362e-02
8.750000000000000000e+01 9.950831519098167488e-02
8.760000000000000853e+01 6.696322586468727960e-03
8.770000000000000284e+01 1.573534341882970589e-02
8.780000000000001137e+01 7.641961207331973704e-02
8.790000000000000568e+01 2.934708708215447853e-02
8.800000000000000000e+01 8.069002977536902932e-02
8.810000000000000853e+01 3.216902590523610522e-02
8.820000000000000284e+01 6.237706925933431817e-02
8.830000000000001137e+01 8.306528293650221328e-02
8.840000000000000568e+01 6.165011033466834961e-02
8.850000000000000000e+01 2.161169194418434067e-02
8.860000000000000853e+01 5.292508507616291297e-02
8.870000000000000284e+01 8.260088323166658864e-02
8.880000000000001137e+01 2.274089057806015848e-02
8.890000000000000568e+01 1.387199478441436540e-02
8.900000000000000000e+01 4.940400838984639748e-02
8.910000000000000853e+01 8.508559963554457317e-02
8.920000000000000284e+01 3.529080683384866468e-02
8.930000000000001137e+01 4.411660791771545437e-02
8.940000000000000568e+01 7.776603777279018914e-02
8.950000000000000000e+01 8.702411219820729849e-02
8.960000000000000853e+01 1.366014816382017313e-02
8.970000000000000284e+01 6.547146734892295150e-02
8.980000000000001137e+01 4.379194860192838629e-02
8.990000000000000568e+01 1.901989846649798535e-04
9.000000000000000000e+01 7.663130064926823581e-02
9.010000000000000853e+01 4.276040307817734198e-02
9.020000000000000284e+01 1.320417114997970466e-02
9.030000000000001137e+01 5.856077341610418235e-02
9.040000000000000568e+01 7.252501236754990699e-02
9.050000000000000000e+01 6.585543256256135014e-02
9.060000000000000853e+01 8.989825125442699183e-02
9.070000000000000284e+01 3.847733150262479251e-02
9.080000000000001137e+01 9.183237514076718344e-02
9.090000000000000568e+01 4.595312300493091529e-02
9.100000000000000000e+01 7.241281607436089729e-03
9.110000000000000853e+01 6.603675957408619568e-02
9.120000000000000284e+01 9.641479811940117939e-02
9.130000000000001137e+01 3.639935118209667447e-02
9.140000000000000568e+01 7.828990912135018465e-02
9.150000000000000000e+01 5.509816481500427049e-02
9.160000000000000853e+01 6.097421279690198176e-02
9.170000000000000284e+01 3.460410168389345398e-02
9.180000000000001137e+01 9.052707801303294666e-03
9.190000000000000568e+01 3.460618453776790476e-02
9.200000000000000000e+01 3.551291989304589114e-02
9.210000000000000853e+01 8.374525518247714906e-02
9.220000000000000284e+01 7.059969998489959431e-02
9.230000000000001137e+01 2.894154255464725933e-02
9.240000000000000568e+01 1.878716417312891254e-02
9.250000000000000000e+01 1.737205332586633233e-02
9.260000000000000853e+01 2.979091267273297275e-02
9.270000000000000284e+01 1.225617790167864499e-02
9.280000000000001137e+01 5.235634302889193015e-02
9.290000000000000568e+01 4.057941725675595808e-03
9.300000000000000000e+01 4.706464159397026614e-02
9.310000000000000853e+01 1.625111175331085331e-02
9.320000000000000284e+01 2.315443184586627595e-02
9.330000000000001137e+01 6.621259174509684653e-02
9.340000000000000568e+01 8.815166596864798532e-02
9.350000000000000000e+01 4.166982891039602149e-02
9.360000000000000853e+01 7.571751255781244971e-02
9.370000000000000284e+01 4.001975859171883615e-02
9.380000000000001137e+01 3.315247269769404370e-02
9.390000000000000568e+01 3.948824730115953890e-02
9.400000000000000000e+01 3.559587958978031180e-02
9.410000000000000853e+01 3.784014632929064842e-02
9.420000000000000284e+01 5.672743406741102140e-02
9.430000000000001137e+01 1.389541891781581606e-02
9.440000000000000568e+01 6.404251933712373779e-02
9.450000000000000000e+01 2.561310045912670169e-02
9.460000000000000853e+01 4.494625174063406059e-02
9.470000000000000284e+01 5.408061108216850876e-02
9.480000000000001137e+01 2.756535345584593122e-02
9.490000000000000568e+01 9.125715080297470971e-02
9.500000000000000000e+01 4.431454127965056555e-02
9.510000000000000853e+01 6.287485862712907658e-02
9.520000000000000284e+01 2.381721569794560331e-02
9.530000000000001137e+01 1.030170395142114906e-02
9.540000000000000568e+01 5.394421246581968671e-02
9.550000000000000000e+01 4.648833961387675850e-02
9.560000000000000853e+01 6.597236110485897587e-02
9.570000000000000284e+01 5.574651523615058168e-02
9.580000000000001137e+01 2.355838789871093214e-02
9.590000000000000568e+01 7.763917315443004397e-02
9.600000000000000000e+01 7.825314016056914013e-02
9.610000000000000853e+01 9.321295343348694196e-02
9.620000000000000284e+01 5.758645633107065814e-02
9.630000000000001137e+01 4.178482219294250843e-02
9.640000000000000568e+01 6.449121712312289034e-02
9.650000000000000000e+01 3.126781244917925529e-02
9.660000000000000853e+01 8.887480089234532643e-02
9.670000000000000284e+01 6.819695923919660840e-02
9.680000000000001137e+01 6.570584281251706793e-02
9.690000000000000568e+01 5.862406584590353076e-02
9.700000000000000000e+01 3.037838170726685563e-02
9.710000000000000853e+01 8.275873695918903317e-02
9.720000000000000284e+01 5.076158175825355723e-02
9.730000000000001137e+01 4.603222450054189792e-03
9.740000000000000568e+01 2.232247945696626962e-02
9.750000000000000000e+01 6.487407620374353867e-02
9.760000000000000853e+01 6.864215882186255890e-02
9.770000000000000284e+01 1.462615790096251020e-02
9.780000000000001137e+01 5.707176077191072894e-02
9.790000000000000568e+01 6.945204600892171398e-02
9.800000000000000000e+01 2.822870582438988946e-02
9.810000000000000853e+01 9.171343930871925232e-02
9.820000000000000284e+01 4.563577746493183845e-02
9.830000000000001137e+01 2.773914206831186099e-02
9.840000000000000568e+01 3.131559448281149433e-02
9.850000000000000000e+01 2.748039711078376166e-03
9.860000000000000853e+01 9.204942793499701348e-02
9.870000000000000284e+01 4.301234897377045202e-02
9.880000000000001137e+01 1.274870165820404279e-02
9.890000000000000568e+01 9.499252405257438414e-02
9.900000000000000000e+01 2.526764244368563325e-02
9.910000000000000853e+01 8.905224657101748487e-02
9.920000000000000284e+01 1.962187841753959723e-03
9.930000000000001137e+01 3.482296830653268394e-02
9.940000000000000568e+01 3.536651630350840132e-03
9.950000000000000000e+01 7.618715152333951912e-02
9.960000000000000853e+01 7.211264858531321598e-02
9.970000000000000284e+01 4.054013122960872101e-02
9.980000000000001137e+01 6.410349501045800591e-02
9.990000000000000568e+01 8.238981317022876089e-03
1.000000000000000000e+02 8.245626216693933974e-02
